1 0
2 0
2 1
3 0
3 1
3 2
4 0
4 1
4 2
4 3
5 0
5 1
5 2
5 3
5 4
6 0
6 1
6 2
6 3
6 4
6 5
7 0
7 1
7 2
7 3
7 4
7 5
7 6
8 0
8 1
8 2
8 3
8 4
8 5
8 6
8 7
9 2
9 3
9 4
9 5
9 6
9 7
9 8
10 2
10 3
10 4
10 5
10 6
10 7
10 8
10 9
11 3
11 6
11 7
11 8
11 9
11 10
12 3
12 6
12 7
12 8
12 9
12 10
12 11
13 8
13 9
13 10
13 11
13 12
14 3
14 6
14 7
14 8
14 9
14 10
14 11
14 12
14 13
15 0
15 1
15 2
15 3
15 4
15 5
15 6
15 7
15 8
15 9
15 10
15 11
15 12
15 13
15 14
16 2
16 3
16 4
16 5
16 6
16 7
17 2
17 4
17 5
17 6
17 16
18 2
18 4
18 5
18 6
18 7
18 16
18 17
19 2
19 4
19 5
19 6
19 7
19 16
19 17
19 18
20 4
20 5
20 7
20 16
20 17
20 18
20 19
21 5
21 16
21 17
21 18
21 19
21 20
22 5
22 7
22 9
22 10
22 16
22 18
22 19
22 20
22 21
23 16
23 17
23 18
23 19
23 20
23 21
23 22
24 19
24 20
24 21
24 22
24 23
25 16
25 18
25 19
25 20
25 21
25 22
25 23
25 24
26 10
26 19
26 20
26 21
26 22
26 23
26 24
26 25
27 7
27 8
27 9
27 10
27 11
27 19
27 20
27 21
27 22
27 23
27 24
27 25
27 26
28 4
28 5
28 6
28 7
28 8
28 9
28 10
28 11
28 15
28 16
28 18
28 19
28 20
28 21
28 22
28 23
28 25
28 26
28 27
29 6
29 7
29 8
29 9
29 10
29 11
29 12
29 14
29 15
29 22
29 25
29 26
29 27
29 28
30 7
30 8
30 9
30 10
30 11
30 12
30 13
30 14
30 15
30 22
30 25
30 26
30 27
30 28
30 29
31 8
31 9
31 10
31 11
31 12
31 13
31 14
31 15
31 26
31 27
31 28
31 29
31 30
32 8
32 9
32 10
32 11
32 12
32 13
32 14
32 15
32 27
32 28
32 29
32 30
32 31
33 9
33 10
33 11
33 12
33 13
33 27
33 28
33 29
33 30
33 31
33 32
34 10
34 11
34 26
34 27
34 28
34 29
34 30
34 31
34 32
34 33
35 27
35 30
35 31
35 32
35 33
35 34
36 9
36 10
36 11
36 22
36 25
36 26
36 27
36 28
36 29
36 30
36 31
36 32
36 33
36 34
36 35
37 8
37 9
37 10
37 11
37 21
37 22
37 23
37 25
37 26
37 27
37 28
37 29
37 30
37 31
37 32
37 33
37 34
37 35
37 36
38 21
38 22
38 23
38 24
38 25
38 26
39 21
39 23
39 24
39 25
39 38
40 21
40 23
40 24
40 25
40 26
40 38
40 39
41 21
41 22
41 23
41 24
41 25
41 26
41 38
41 39
41 40
42 21
42 23
42 24
42 25
42 26
42 38
42 39
42 40
42 41
43 24
43 25
43 26
43 38
43 39
43 40
43 41
43 42
44 22
44 23
44 24
44 25
44 26
44 27
44 34
44 35
44 36
44 37
44 38
44 40
44 41
44 42
44 43
45 38
45 39
45 41
45 42
45 43
45 44
46 41
46 42
46 43
46 44
46 45
47 41
47 42
47 43
47 44
47 45
47 46
48 26
48 27
48 34
48 35
48 36
48 37
48 41
48 42
48 43
48 44
48 45
48 46
48 47
49 25
49 26
49 27
49 30
49 33
49 34
49 35
49 36
49 37
49 41
49 42
49 43
49 44
49 45
49 46
49 47
49 48
50 27
50 30
50 31
50 33
50 34
50 35
50 36
50 37
50 43
50 44
50 45
50 47
50 48
50 49
51 31
51 33
51 34
51 35
51 36
51 37
51 43
51 44
51 45
51 47
51 48
51 49
51 50
52 27
52 28
52 29
52 30
52 31
52 32
52 33
52 34
52 35
52 36
52 37
52 44
52 47
52 48
52 49
52 50
52 51
53 25
53 26
53 27
53 28
53 29
53 30
53 31
53 32
53 33
53 34
53 36
53 37
53 44
53 47
53 48
53 49
53 50
53 51
53 52
54 27
54 28
54 29
54 30
54 31
54 32
54 33
54 36
54 37
54 49
54 50
54 51
54 52
54 53
55 25
55 26
55 27
55 28
55 29
55 30
55 31
55 34
55 36
55 37
55 41
55 44
55 47
55 48
55 49
55 50
55 51
55 52
55 53
55 54
56 23
56 25
56 26
56 27
56 28
56 29
56 30
56 34
56 36
56 37
56 38
56 40
56 41
56 42
56 43
56 44
56 45
56 47
56 48
56 49
56 50
56 51
56 52
56 53
56 54
56 55
57 42
57 43
57 44
57 45
57 46
57 47
57 48
58 43
58 45
58 46
58 47
58 57
59 41
59 42
59 43
59 45
59 46
59 47
59 48
59 57
59 58
60 43
60 45
60 46
60 47
60 48
60 57
60 58
60 59
61 43
61 45
61 46
61 47
61 48
61 57
61 58
61 59
61 60
62 46
62 47
62 57
62 58
62 59
62 60
62 61
63 45
63 46
63 47
63 48
63 51
63 57
63 59
63 60
63 61
63 62
64 57
64 58
64 60
64 61
64 62
64 63
65 60
65 61
65 62
65 63
65 64
66 47
66 57
66 58
66 59
66 60
66 61
66 62
66 63
66 64
66 65
67 47
67 51
67 57
67 60
67 61
67 62
67 63
67 64
67 65
67 66
68 47
68 48
68 49
68 50
68 51
68 60
68 61
68 62
68 63
68 64
68 65
68 66
68 67
69 45
69 46
69 47
69 48
69 49
69 50
69 51
69 56
69 57
69 59
69 60
69 61
69 62
69 63
69 64
69 66
69 67
69 68
70 45
70 47
70 48
70 49
70 50
70 51
70 52
70 53
70 55
70 56
70 60
70 63
70 66
70 67
70 68
70 69
71 47
71 48
71 49
71 50
71 51
71 52
71 53
71 54
71 55
71 56
71 63
71 66
71 67
71 68
71 69
71 70
72 49
72 50
72 51
72 52
72 53
72 54
72 55
72 56
72 67
72 68
72 69
72 70
72 71
73 49
73 50
73 51
73 52
73 53
73 54
73 55
73 56
73 68
73 69
73 70
73 71
73 72
74 50
74 51
74 52
74 53
74 54
74 68
74 69
74 70
74 71
74 72
74 73
75 50
75 51
75 52
75 63
75 67
75 68
75 69
75 70
75 71
75 72
75 73
75 74
76 51
76 68
76 71
76 72
76 73
76 74
76 75
77 50
77 51
77 52
77 62
77 63
77 66
77 67
77 68
77 69
77 70
77 71
77 72
77 73
77 74
77 75
77 76
78 47
78 48
78 49
78 50
78 51
78 52
78 62
78 63
78 64
78 66
78 67
78 68
78 69
78 70
78 71
78 72
78 73
78 74
78 75
78 76
78 77
79 62
79 63
79 64
79 65
79 66
79 67
80 62
80 64
80 65
80 66
80 79
81 62
81 64
81 65
81 66
81 67
81 79
81 80
82 62
82 64
82 65
82 66
82 67
82 79
82 80
82 81
83 62
83 64
83 65
83 66
83 67
83 79
83 80
83 81
83 82
84 65
84 67
84 79
84 80
84 81
84 82
84 83
85 63
85 64
85 65
85 66
85 67
85 68
85 75
85 76
85 77
85 78
85 79
85 80
85 81
85 82
85 83
85 84
86 65
86 79
86 82
86 83
86 84
86 85
87 82
87 83
87 84
87 85
87 86
88 79
88 81
88 82
88 83
88 84
88 85
88 86
88 87
89 65
89 67
89 75
89 76
89 77
89 78
89 79
89 82
89 83
89 84
89 85
89 86
89 87
89 88
90 65
90 66
90 67
90 68
90 71
90 74
90 75
90 76
90 77
90 78
90 82
90 83
90 84
90 85
90 86
90 87
90 88
90 89
91 63
91 64
91 65
91 66
91 67
91 68
91 69
91 70
91 71
91 75
91 77
91 78
91 79
91 81
91 82
91 83
91 84
91 85
91 86
91 88
91 89
91 90
92 66
92 67
92 68
92 69
92 70
92 71
92 72
92 74
92 75
92 77
92 78
92 85
92 88
92 89
92 90
92 91
93 66
93 67
93 68
93 69
93 70
93 71
93 72
93 73
93 74
93 75
93 76
93 77
93 78
93 85
93 88
93 89
93 90
93 91
93 92
94 68
94 69
94 70
94 71
94 72
94 73
94 74
94 75
94 76
94 77
94 78
94 89
94 90
94 91
94 92
94 93
95 68
95 69
95 70
95 71
95 72
95 73
95 74
95 75
95 77
95 78
95 90
95 91
95 92
95 93
95 94
96 70
96 71
96 72
96 73
96 74
96 75
96 76
96 77
96 78
96 90
96 91
96 92
96 93
96 94
96 95
97 71
97 72
97 73
97 74
97 75
97 76
97 77
97 78
97 89
97 90
97 91
97 92
97 93
97 94
97 95
97 96
98 71
98 72
98 74
98 75
98 76
98 77
98 78
98 85
98 88
98 89
98 90
98 91
98 92
98 93
98 94
98 95
98 96
98 97
99 67
99 68
99 71
99 72
99 74
99 75
99 76
99 77
99 78
99 84
99 85
99 86
99 88
99 89
99 90
99 91
99 92
99 93
99 94
99 95
99 96
99 97
99 98
100 83
100 84
100 85
100 86
100 87
100 88
100 89
101 84
101 86
101 87
101 88
101 100
102 84
102 86
102 87
102 88
102 89
102 100
102 101
103 84
103 86
103 87
103 88
103 89
103 100
103 101
103 102
104 86
104 87
104 88
104 89
104 100
104 101
104 102
104 103
105 87
105 88
105 100
105 101
105 102
105 103
105 104
106 86
106 87
106 88
106 89
106 90
106 97
106 98
106 99
106 100
106 101
106 102
106 103
106 104
106 105
107 100
107 101
107 103
107 104
107 105
107 106
108 103
108 104
108 105
108 106
108 107
109 100
109 103
109 104
109 105
109 106
109 107
109 108
110 88
110 97
110 98
110 99
110 103
110 104
110 105
110 106
110 107
110 108
110 109
111 88
111 89
111 90
111 93
111 96
111 97
111 98
111 99
111 103
111 104
111 105
111 106
111 107
111 108
111 109
111 110
112 88
112 89
112 90
112 91
112 92
112 93
112 97
112 98
112 99
112 102
112 103
112 104
112 105
112 106
112 107
112 109
112 110
112 111
113 88
113 89
113 90
113 91
113 92
113 93
113 94
113 96
113 97
113 98
113 99
113 106
113 109
113 110
113 111
113 112
114 90
114 91
114 92
114 93
114 94
114 95
114 96
114 97
114 98
114 99
114 106
114 109
114 110
114 111
114 112
114 113
115 90
115 91
115 92
115 93
115 94
115 95
115 96
115 97
115 98
115 99
115 110
115 111
115 112
115 113
115 114
116 91
116 92
116 93
116 94
116 95
116 96
116 97
116 98
116 99
116 111
116 112
116 113
116 114
116 115
117 93
117 94
117 95
117 96
117 97
117 98
117 99
117 111
117 112
117 113
117 114
117 115
117 116
118 93
118 94
118 95
118 96
118 97
118 98
118 99
118 110
118 111
118 112
118 113
118 114
118 115
118 116
118 117
119 94
119 96
119 97
119 98
119 99
119 106
119 109
119 110
119 111
119 112
119 113
119 114
119 115
119 116
119 117
119 118
120 90
120 93
120 94
120 96
120 97
120 98
120 99
120 105
120 106
120 107
120 109
120 110
120 111
120 112
120 113
120 114
120 115
120 116
120 117
120 118
120 119
121 105
121 106
121 107
121 108
121 109
121 110
122 105
122 107
122 108
122 109
122 121
123 105
123 107
123 108
123 109
123 110
123 121
123 122
124 105
124 106
124 107
124 108
124 109
124 110
124 111
124 121
124 122
124 123
125 105
125 106
125 107
125 108
125 109
125 110
125 119
125 121
125 122
125 123
125 124
126 107
126 108
126 109
126 110
126 119
126 121
126 122
126 123
126 124
126 125
127 106
127 107
127 108
127 109
127 110
127 111
127 114
127 118
127 119
127 120
127 121
127 123
127 124
127 125
127 126
128 121
128 122
128 123
128 124
128 125
128 126
128 127
129 124
129 125
129 126
129 127
129 128
130 124
130 125
130 126
130 127
130 128
130 129
131 109
131 110
131 111
131 118
131 119
131 120
131 124
131 125
131 126
131 127
131 128
131 129
131 130
132 109
132 110
132 111
132 112
132 114
132 115
132 117
132 118
132 119
132 120
132 124
132 125
132 126
132 127
132 128
132 129
132 130
132 131
133 111
133 114
133 115
133 116
133 117
133 118
133 119
133 120
133 126
133 127
133 128
133 130
133 131
133 132
134 114
134 115
134 117
134 118
134 119
134 120
134 126
134 127
134 128
134 130
134 131
134 132
134 133
135 111
135 112
135 113
135 114
135 115
135 116
135 117
135 118
135 119
135 120
135 127
135 130
135 131
135 132
135 133
135 134
136 111
136 112
136 113
136 114
136 115
136 116
136 117
136 118
136 119
136 120
136 127
136 131
136 132
136 133
136 134
136 135
137 111
137 112
137 113
137 114
137 115
137 116
137 117
137 120
137 132
137 133
137 134
137 135
137 136
138 109
138 110
138 111
138 112
138 113
138 114
138 115
138 117
138 118
138 119
138 120
138 127
138 130
138 131
138 132
138 133
138 134
138 135
138 136
138 137
139 109
139 110
139 111
139 112
139 113
139 114
139 120
139 131
139 132
139 133
139 135
139 136
139 137
139 138
140 109
140 110
140 111
140 112
140 113
140 114
140 115
140 117
140 118
140 119
140 120
140 124
140 125
140 126
140 127
140 128
140 130
140 131
140 132
140 133
140 134
140 135
140 136
140 137
140 138
140 139
141 125
141 126
141 127
141 128
141 129
141 130
141 131
142 126
142 128
142 129
142 130
142 141
143 124
143 126
143 128
143 129
143 130
143 131
143 141
143 142
144 126
144 128
144 129
144 130
144 131
144 141
144 142
144 143
145 126
145 128
145 129
145 130
145 131
145 141
145 142
145 143
145 144
146 128
146 129
146 130
146 131
146 134
146 141
146 142
146 143
146 144
146 145
147 128
147 129
147 130
147 131
147 132
147 133
147 134
147 141
147 142
147 143
147 144
147 145
147 146
148 141
148 142
148 144
148 145
148 146
148 147
149 144
149 145
149 146
149 147
149 148
150 144
150 145
150 146
150 147
150 148
150 149
151 130
151 131
151 133
151 134
151 144
151 145
151 146
151 147
151 148
151 149
151 150
152 130
152 131
152 132
152 133
152 134
152 135
152 144
152 145
152 146
152 147
152 148
152 149
152 150
152 151
153 132
153 133
153 134
153 135
153 146
153 147
153 148
153 150
153 151
153 152
154 133
154 134
154 135
154 146
154 147
154 148
154 150
154 151
154 152
154 153
155 132
155 133
155 134
155 135
155 136
155 137
155 138
155 147
155 150
155 151
155 152
155 153
155 154
156 130
156 131
156 132
156 133
156 134
156 135
156 136
156 137
156 138
156 140
156 147
156 151
156 152
156 153
156 154
156 155
157 132
157 133
157 134
157 135
157 136
157 137
157 138
157 139
157 140
157 152
157 153
157 154
157 155
157 156
158 130
158 131
158 132
158 133
158 134
158 135
158 136
158 138
158 140
158 147
158 150
158 151
158 152
158 153
158 154
158 155
158 156
158 157
159 130
159 131
159 132
159 133
159 135
159 136
159 138
159 139
159 140
159 147
159 151
159 152
159 153
159 155
159 156
159 157
159 158
160 130
160 131
160 132
160 133
160 134
160 135
160 140
160 144
160 145
160 146
160 147
160 148
160 150
160 151
160 152
160 153
160 154
160 155
160 156
160 157
160 158
160 159
161 145
161 146
161 147
161 148
161 149
161 150
161 151
162 146
162 148
162 149
162 150
162 161
163 146
163 148
163 149
163 150
163 151
163 161
163 162
164 146
164 147
164 148
164 149
164 150
164 151
164 161
164 162
164 163
165 146
165 148
165 149
165 150
165 151
165 154
165 161
165 162
165 163
165 164
166 149
166 150
166 151
166 154
166 161
166 162
166 163
166 164
166 165
167 148
167 149
167 150
167 151
167 152
167 153
167 154
167 161
167 163
167 164
167 165
167 166
168 161
168 162
168 164
168 165
168 166
168 167
169 164
169 165
169 166
169 167
169 168
170 161
170 164
170 165
170 166
170 167
170 168
170 169
171 150
171 151
171 153
171 154
171 164
171 165
171 166
171 167
171 168
171 169
171 170
172 150
172 151
172 152
172 153
172 154
172 155
172 164
172 165
172 166
172 167
172 168
172 169
172 170
172 171
173 152
173 153
173 154
173 155
173 166
173 167
173 168
173 170
173 171
173 172
174 153
174 154
174 155
174 166
174 167
174 168
174 170
174 171
174 172
174 173
175 152
175 153
175 154
175 155
175 156
175 157
175 158
175 167
175 170
175 171
175 172
175 173
175 174
176 150
176 151
176 152
176 153
176 154
176 155
176 156
176 157
176 158
176 160
176 167
176 171
176 172
176 173
176 174
176 175
177 152
177 153
177 154
177 155
177 156
177 157
177 158
177 159
177 160
177 172
177 173
177 174
177 175
177 176
178 150
178 151
178 152
178 153
178 154
178 155
178 156
178 158
178 160
178 164
178 167
178 170
178 171
178 172
178 173
178 174
178 175
178 176
178 177
179 148
179 150
179 151
179 152
179 153
179 154
179 155
179 160
179 161
179 163
179 164
179 165
179 166
179 167
179 168
179 170
179 171
179 172
179 173
179 174
179 175
179 176
179 177
179 178
180 165
180 166
180 167
180 168
180 169
180 170
180 171
181 166
181 168
181 169
181 170
181 180
182 165
182 166
182 168
182 169
182 170
182 171
182 180
182 181
183 166
183 168
183 169
183 170
183 171
183 180
183 181
183 182
184 168
184 169
184 170
184 171
184 180
184 181
184 182
184 183
185 169
185 170
185 180
185 181
185 182
185 183
185 184
186 168
186 169
186 170
186 171
186 172
186 173
186 174
186 180
186 183
186 184
186 185
187 180
187 183
187 184
187 185
187 186
188 183
188 184
188 185
188 186
188 187
189 170
189 180
189 182
189 183
189 184
189 185
189 186
189 187
189 188
190 170
190 171
190 174
190 183
190 184
190 185
190 186
190 187
190 188
190 189
191 170
191 171
191 172
191 173
191 174
191 175
191 179
191 183
191 184
191 185
191 186
191 187
191 188
191 189
191 190
192 168
192 170
192 171
192 172
192 173
192 174
192 175
192 178
192 179
192 183
192 185
192 186
192 187
192 189
192 190
192 191
193 170
193 171
193 172
193 173
193 174
193 175
193 176
193 178
193 179
193 186
193 189
193 190
193 191
193 192
194 170
194 171
194 172
194 173
194 174
194 175
194 176
194 177
194 178
194 179
194 186
194 189
194 190
194 191
194 192
194 193
195 172
195 173
195 174
195 175
195 176
195 177
195 178
195 179
195 190
195 191
195 192
195 193
195 194
196 172
196 173
196 175
196 176
196 177
196 178
196 179
196 191
196 192
196 193
196 194
196 195
197 173
197 174
197 175
197 176
197 177
197 178
197 190
197 191
197 192
197 193
197 194
197 195
197 196
198 173
198 174
198 175
198 176
198 186
198 190
198 191
198 192
198 193
198 194
198 195
198 196
198 197
199 175
199 191
199 194
199 195
199 196
199 197
199 198
200 172
200 173
200 174
200 175
200 185
200 186
200 187
200 188
200 189
200 190
200 191
200 192
200 193
200 194
200 195
200 196
200 197
200 198
200 199
201 170
201 171
201 172
201 173
201 174
201 175
201 176
201 178
201 179
201 185
201 186
201 187
201 189
201 190
201 191
201 192
201 193
201 194
201 195
201 196
201 197
201 198
201 199
201 200
202 184
202 185
202 186
202 187
202 188
202 189
202 190
203 183
203 184
203 185
203 186
203 187
203 188
203 189
203 190
203 202
204 185
204 187
204 188
204 189
204 202
204 203
205 185
205 187
205 188
205 189
205 202
205 203
205 204
206 185
206 187
206 188
206 202
206 203
206 204
206 205
207 188
207 202
207 203
207 204
207 205
207 206
208 185
208 186
208 187
208 188
208 190
208 200
208 202
208 203
208 204
208 205
208 206
208 207
209 188
209 202
209 205
209 206
209 207
209 208
210 205
210 206
210 207
210 208
210 209
211 188
211 202
211 205
211 206
211 207
211 208
211 209
211 210
212 188
212 199
212 200
212 202
212 205
212 206
212 207
212 208
212 209
212 210
212 211
213 188
213 190
213 198
213 199
213 200
213 201
213 202
213 205
213 206
213 207
213 208
213 209
213 210
213 211
213 212
214 197
214 198
214 199
214 200
214 201
214 207
214 208
214 209
214 211
214 212
214 213
215 198
215 199
215 200
215 207
215 208
215 209
215 210
215 211
215 212
215 213
215 214
216 190
216 191
216 194
216 195
216 197
216 198
216 199
216 200
216 201
216 208
216 211
216 212
216 213
216 214
216 215
217 188
217 189
217 190
217 191
217 192
217 194
217 195
217 197
217 198
217 199
217 200
217 201
217 208
217 212
217 213
217 214
217 215
217 216
218 190
218 191
218 192
218 193
218 194
218 195
218 197
218 198
218 200
218 201
218 213
218 214
218 215
218 216
218 217
219 187
219 188
219 189
219 190
219 191
219 192
219 198
219 200
219 201
219 202
219 204
219 205
219 208
219 211
219 212
219 213
219 214
219 215
219 216
219 217
219 218
220 186
220 187
220 188
220 189
220 190
220 191
220 198
220 200
220 201
220 202
220 204
220 205
220 206
220 207
220 208
220 209
220 211
220 212
220 213
220 214
220 215
220 216
220 217
220 218
220 219
221 207
221 208
221 209
221 210
221 211
221 212
222 207
222 209
222 210
222 211
222 221
223 206
223 207
223 209
223 210
223 211
223 212
223 221
223 222
224 207
224 209
224 210
224 211
224 212
224 221
224 222
224 223
225 209
225 210
225 211
225 212
225 221
225 222
225 223
225 224
226 210
226 211
226 215
226 221
226 222
226 223
226 224
226 225
227 209
227 210
227 211
227 212
227 213
227 214
227 215
227 221
227 222
227 223
227 224
227 225
227 226
228 221
228 222
228 224
228 225
228 226
228 227
229 224
229 225
229 226
229 227
229 228
230 224
230 225
230 226
230 227
230 228
230 229
231 211
231 214
231 215
231 224
231 225
231 226
231 227
231 228
231 229
231 230
232 211
232 212
232 213
232 214
232 215
232 216
232 224
232 225
232 226
232 227
232 228
232 229
232 230
232 231
233 211
233 212
233 213
233 214
233 215
233 216
233 217
233 219
233 220
233 224
233 226
233 227
233 228
233 230
233 231
233 232
234 211
234 212
234 213
234 214
234 215
234 216
234 217
234 218
234 219
234 220
234 227
234 230
234 231
234 232
234 233
235 213
235 214
235 215
235 216
235 217
235 218
235 219
235 220
235 227
235 230
235 231
235 232
235 233
235 234
236 213
236 214
236 215
236 216
236 217
236 218
236 219
236 220
236 231
236 232
236 233
236 234
236 235
237 214
237 216
237 217
237 218
237 219
237 220
237 232
237 233
237 234
237 235
237 236
238 214
238 215
238 216
238 217
238 218
238 232
238 233
238 234
238 235
238 236
238 237
239 214
239 215
239 216
239 231
239 232
239 233
239 234
239 235
239 236
239 237
239 238
240 232
240 235
240 236
240 237
240 238
240 239
241 214
241 215
241 216
241 226
241 227
241 230
241 231
241 232
241 233
241 234
241 235
241 236
241 237
241 238
241 239
241 240
242 213
242 214
242 215
242 216
242 217
242 226
242 227
242 228
242 230
242 231
242 232
242 233
242 234
242 235
242 236
242 237
242 238
242 239
242 240
242 241
244 243
245 243
245 244
246 243
246 244
246 245
247 243
247 244
247 245
247 246
248 243
248 244
248 245
248 246
248 247
249 243
249 244
249 245
249 246
249 247
249 248
250 243
250 244
250 245
250 246
250 247
250 248
250 249
251 243
251 244
251 245
251 246
251 247
251 248
251 249
251 250
252 236
252 237
252 238
252 239
252 240
252 245
252 246
252 247
252 249
252 250
252 251
253 236
253 238
253 239
253 240
253 245
253 246
253 247
253 249
253 250
253 251
253 252
254 218
254 236
254 237
254 238
254 239
254 240
254 246
254 249
254 250
254 251
254 252
254 253
255 218
255 236
255 237
255 238
255 246
255 249
255 250
255 251
255 252
255 253
255 254
256 217
256 218
256 236
256 237
256 238
256 251
256 252
256 253
256 254
256 255
257 237
257 243
257 246
257 249
257 250
257 251
257 252
257 253
257 254
257 255
257 256
258 243
258 244
258 245
258 246
258 247
258 249
258 250
258 251
258 252
258 253
258 254
258 255
258 256
258 257
259 244
259 245
259 246
259 247
259 248
259 249
259 250
260 245
260 247
260 248
260 249
260 259
261 245
261 247
261 248
261 249
261 250
261 259
261 260
262 245
262 247
262 248
262 249
262 250
262 259
262 260
262 261
263 247
263 248
263 249
263 250
263 259
263 260
263 261
263 262
264 248
264 259
264 260
264 261
264 262
264 263
265 247
265 248
265 249
265 250
265 252
265 253
265 259
265 261
265 262
265 263
265 264
266 248
266 259
266 260
266 261
266 262
266 263
266 264
266 265
267 262
267 263
267 264
267 265
267 266
268 259
268 261
268 262
268 263
268 264
268 265
268 266
268 267
269 253
269 262
269 263
269 264
269 265
269 266
269 267
269 268
270 240
270 249
270 250
270 251
270 252
270 253
270 262
270 263
270 264
270 265
270 266
270 267
270 268
270 269
271 247
271 248
271 249
271 250
271 251
271 252
271 253
271 259
271 261
271 262
271 263
271 264
271 265
271 266
271 268
271 269
271 270
272 196
272 197
272 249
272 250
272 251
272 252
272 253
272 254
272 255
272 258
272 265
272 268
272 269
272 270
272 271
273 195
273 196
273 197
273 216
273 218
273 238
273 239
273 240
273 249
273 250
273 251
273 252
273 253
273 254
273 255
273 265
273 268
273 269
273 270
273 271
273 272
274 194
274 195
274 196
274 197
274 198
274 199
274 200
274 214
274 215
274 216
274 217
274 218
274 236
274 237
274 238
274 239
274 240
274 251
274 252
274 253
274 254
274 255
274 269
274 270
274 271
274 272
274 273
275 193
275 194
275 195
275 196
275 197
275 198
275 199
275 200
275 201
275 214
275 216
275 217
275 218
275 219
275 236
275 237
275 238
275 252
275 253
275 254
275 255
275 256
275 257
275 270
275 271
275 272
275 273
275 274
276 195
276 196
276 197
276 198
276 199
276 200
276 213
276 214
276 215
276 216
276 217
276 218
276 235
276 236
276 237
276 238
276 239
276 240
276 241
276 242
276 252
276 253
276 254
276 270
276 271
276 272
276 273
276 274
276 275
277 197
277 198
277 199
277 214
277 215
277 216
277 217
277 218
277 236
277 238
277 239
277 240
277 241
277 242
277 253
277 269
277 270
277 271
277 272
277 273
277 274
277 275
277 276
278 198
278 199
278 213
278 214
278 215
278 216
278 217
278 232
278 235
278 236
278 238
278 239
278 240
278 241
278 242
278 270
278 273
278 274
278 275
278 276
278 277
279 199
279 216
279 238
279 239
279 240
279 241
279 252
279 253
279 265
279 268
279 269
279 270
279 271
279 272
279 273
279 274
279 275
279 276
279 277
279 278
280 238
280 239
280 240
280 251
280 252
280 253
280 254
280 264
280 265
280 266
280 268
280 269
280 270
280 271
280 272
280 273
280 274
280 275
280 276
280 277
280 278
280 279
281 263
281 264
281 265
281 266
281 267
281 268
281 269
282 264
282 266
282 267
282 268
282 281
283 262
283 264
283 266
283 267
283 268
283 269
283 281
283 282
284 264
284 265
284 266
284 267
284 268
284 269
284 281
284 282
284 283
285 264
285 266
285 267
285 268
285 269
285 281
285 282
285 283
285 284
286 266
286 267
286 268
286 269
286 279
286 281
286 282
286 283
286 284
286 285
287 265
287 266
287 267
287 268
287 269
287 270
287 277
287 278
287 279
287 280
287 281
287 283
287 284
287 285
287 286
288 281
288 282
288 284
288 285
288 286
288 287
289 284
289 285
289 286
289 287
289 288
290 284
290 285
290 286
290 287
290 288
290 289
291 268
291 269
291 270
291 277
291 278
291 279
291 280
291 284
291 285
291 286
291 287
291 288
291 289
291 290
292 197
292 199
292 268
292 269
292 270
292 271
292 273
292 276
292 277
292 278
292 279
292 280
292 284
292 285
292 286
292 287
292 288
292 289
292 290
292 291
293 195
293 196
293 197
293 198
293 199
293 269
293 270
293 271
293 272
293 273
293 274
293 276
293 277
293 278
293 279
293 280
293 286
293 287
293 288
293 290
293 291
293 292
294 197
294 198
294 199
294 200
294 215
294 270
294 273
294 274
294 276
294 277
294 278
294 279
294 280
294 286
294 287
294 288
294 290
294 291
294 292
294 293
295 177
295 194
295 195
295 196
295 197
295 198
295 199
295 200
295 270
295 271
295 272
295 273
295 274
295 275
295 276
295 277
295 278
295 279
295 280
295 287
295 290
295 291
295 292
295 293
295 294
296 177
296 195
296 196
296 197
296 198
296 199
296 268
296 270
296 271
296 272
296 273
296 274
296 275
296 276
296 277
296 279
296 280
296 287
296 291
296 292
296 293
296 294
296 295
297 175
297 176
297 177
297 194
297 195
297 196
297 197
297 198
297 270
297 271
297 272
297 273
297 274
297 275
297 280
297 292
297 293
297 294
297 295
297 296
298 196
298 197
298 268
298 269
298 270
298 271
298 272
298 273
298 279
298 280
298 284
298 287
298 290
298 291
298 292
298 293
298 294
298 295
298 296
298 297
299 266
299 268
299 269
299 270
299 271
299 272
299 273
299 279
299 280
299 281
299 283
299 284
299 285
299 286
299 287
299 288
299 290
299 291
299 292
299 293
299 294
299 295
299 296
299 297
299 298
300 285
300 286
300 287
300 288
300 289
300 290
300 291
301 286
301 288
301 289
301 290
301 300
302 286
302 288
302 289
302 290
302 291
302 300
302 301
303 286
303 288
303 289
303 290
303 291
303 300
303 301
303 302
304 286
304 288
304 289
304 290
304 300
304 301
304 302
304 303
305 288
305 289
305 290
305 300
305 301
305 302
305 303
305 304
306 288
306 289
306 290
306 291
306 294
306 300
306 301
306 302
306 303
306 304
306 305
307 300
307 301
307 303
307 304
307 305
307 306
308 303
308 304
308 305
308 306
308 307
309 300
309 302
309 303
309 304
309 305
309 306
309 307
309 308
310 290
310 291
310 294
310 300
310 303
310 304
310 305
310 306
310 307
310 308
310 309
311 288
311 290
311 291
311 292
311 293
311 294
311 300
311 302
311 303
311 304
311 305
311 306
311 307
311 308
311 309
311 310
312 288
312 289
312 290
312 291
312 292
312 293
312 294
312 299
312 300
312 302
312 303
312 304
312 305
312 306
312 307
312 309
312 310
312 311
313 288
313 290
313 291
313 292
313 293
313 294
313 295
313 296
313 298
313 299
313 302
313 303
313 306
313 309
313 310
313 311
313 312
314 175
314 177
314 199
314 290
314 291
314 292
314 293
314 294
314 295
314 296
314 298
314 299
314 306
314 309
314 310
314 311
314 312
314 313
315 155
315 156
315 157
315 173
315 174
315 175
315 176
315 177
315 197
315 198
315 199
315 292
315 293
315 294
315 295
315 296
315 297
315 298
315 299
315 310
315 311
315 312
315 313
315 314
316 155
316 156
316 157
316 158
316 173
316 175
316 176
316 177
316 178
316 196
316 197
316 292
316 293
316 294
316 295
316 296
316 297
316 298
316 299
316 311
316 312
316 313
316 314
316 315
317 155
317 157
317 173
317 174
317 175
317 176
317 177
317 178
317 195
317 196
317 197
317 198
317 199
317 200
317 292
317 293
317 294
317 295
317 296
317 297
317 311
317 312
317 313
317 314
317 315
317 316
318 173
318 174
318 175
318 176
318 177
318 197
318 198
318 199
318 200
318 293
318 294
318 295
318 310
318 311
318 312
318 313
318 314
318 315
318 316
318 317
319 172
319 173
319 174
319 175
319 176
319 194
319 195
319 197
319 198
319 199
319 200
319 201
319 294
319 295
319 311
319 314
319 315
319 316
319 317
319 318
320 174
320 175
320 198
320 199
320 292
320 293
320 294
320 295
320 306
320 309
320 310
320 311
320 312
320 313
320 314
320 315
320 316
320 317
320 318
320 319
321 199
321 290
321 291
321 292
321 293
321 294
321 295
321 303
321 305
321 306
321 307
321 309
321 310
321 311
321 312
321 313
321 314
321 315
321 316
321 317
321 318
321 319
321 320
322 305
322 306
322 307
322 308
322 309
322 310
323 305
323 307
323 308
323 309
323 322
324 305
324 307
324 308
324 309
324 310
324 322
324 323
325 305
325 306
325 307
325 308
325 309
325 310
325 311
325 322
325 323
325 324
326 305
326 306
326 307
326 308
326 309
326 310
326 322
326 323
326 324
326 325
327 308
327 310
327 320
327 322
327 323
327 324
327 325
327 326
328 308
328 309
328 310
328 311
328 318
328 319
328 320
328 321
328 322
328 325
328 326
328 327
329 322
329 323
329 325
329 326
329 327
329 328
330 325
330 326
330 327
330 328
330 329
331 322
331 323
331 324
331 325
331 326
331 327
331 328
331 329
331 330
332 318
332 319
332 320
332 322
332 325
332 326
332 327
332 328
332 329
332 330
332 331
333 309
333 310
333 311
333 314
333 317
333 318
333 319
333 320
333 321
333 325
333 326
333 327
333 328
333 329
333 330
333 331
333 332
334 307
334 308
334 309
334 310
334 311
334 312
334 313
334 314
334 318
334 320
334 321
334 322
334 324
334 325
334 326
334 327
334 328
334 329
334 331
334 332
334 333
335 309
335 310
335 311
335 312
335 313
335 314
335 315
335 317
335 318
335 320
335 321
335 325
335 328
335 331
335 332
335 333
335 334
336 155
336 309
336 310
336 311
336 312
336 313
336 314
336 315
336 316
336 317
336 318
336 319
336 320
336 321
336 328
336 331
336 332
336 333
336 334
336 335
337 135
337 137
337 153
337 154
337 155
337 156
337 157
337 174
337 175
337 311
337 312
337 313
337 314
337 315
337 316
337 317
337 318
337 319
337 320
337 321
337 332
337 333
337 334
337 335
337 336
338 135
338 136
338 137
338 153
338 155
338 156
338 157
338 158
338 311
338 312
338 313
338 314
338 315
338 316
338 317
338 318
338 320
338 321
338 333
338 334
338 335
338 336
338 337
339 135
339 152
339 153
339 154
339 155
339 156
339 157
339 172
339 173
339 174
339 175
339 176
339 177
339 314
339 315
339 316
339 317
339 318
339 319
339 320
339 321
339 333
339 334
339 335
339 336
339 337
339 338
340 153
340 154
340 155
340 156
340 172
340 173
340 174
340 175
340 176
340 314
340 315
340 316
340 317
340 318
340 319
340 320
340 321
340 332
340 333
340 334
340 335
340 336
340 337
340 338
340 339
341 154
341 173
341 174
341 175
341 315
341 317
341 318
341 319
341 320
341 321
341 328
341 331
341 332
341 333
341 334
341 335
341 336
341 337
341 338
341 339
341 340
342 174
342 310
342 311
342 314
342 315
342 317
342 318
342 319
342 320
342 321
342 327
342 328
342 329
342 331
342 332
342 333
342 334
342 335
342 336
342 337
342 338
342 339
342 340
342 341
343 327
343 328
343 329
343 330
343 331
343 332
344 327
344 329
344 330
344 331
344 343
345 327
345 329
345 330
345 331
345 332
345 343
345 344
346 327
346 328
346 329
346 330
346 331
346 332
346 333
346 343
346 344
346 345
347 327
347 328
347 329
347 330
347 331
347 332
347 341
347 343
347 344
347 345
347 346
348 330
348 331
348 332
348 341
348 343
348 344
348 345
348 346
348 347
349 330
349 331
349 332
349 333
349 340
349 341
349 342
349 343
349 346
349 347
349 348
350 343
350 344
350 346
350 347
350 348
350 349
351 346
351 347
351 348
351 349
351 350
352 343
352 346
352 347
352 348
352 349
352 350
352 351
353 332
353 340
353 341
353 342
353 346
353 347
353 348
353 349
353 350
353 351
353 352
354 331
354 332
354 333
354 336
354 337
354 339
354 340
354 341
354 342
354 346
354 347
354 348
354 349
354 350
354 351
354 352
354 353
355 331
355 332
355 333
355 334
355 335
355 336
355 337
355 340
355 341
355 342
355 346
355 347
355 348
355 349
355 350
355 352
355 353
355 354
356 331
356 332
356 333
356 334
356 335
356 336
356 337
356 339
356 340
356 341
356 342
356 349
356 352
356 353
356 354
356 355
357 116
357 332
357 333
357 334
357 335
357 336
357 337
357 338
357 339
357 340
357 341
357 342
357 349
357 352
357 353
357 354
357 355
357 356
358 115
358 116
358 117
358 133
358 134
358 135
358 136
358 137
358 155
358 333
358 334
358 335
358 336
358 337
358 338
358 339
358 340
358 341
358 342
358 353
358 354
358 355
358 356
358 357
359 114
359 115
359 116
359 117
359 133
359 135
359 136
359 137
359 334
359 335
359 336
359 337
359 338
359 339
359 340
359 342
359 354
359 355
359 356
359 357
359 358
360 115
360 116
360 117
360 118
360 132
360 133
360 134
360 135
360 136
360 137
360 153
360 154
360 155
360 156
360 157
360 336
360 337
360 338
360 339
360 340
360 341
360 342
360 354
360 355
360 356
360 357
360 358
360 359
361 117
361 133
361 134
361 135
361 136
361 152
361 153
361 154
361 155
361 156
361 336
361 337
361 338
361 339
361 340
361 341
361 342
361 353
361 354
361 355
361 356
361 357
361 358
361 359
361 360
362 134
362 135
362 153
362 154
362 155
362 336
362 337
362 339
362 340
362 341
362 342
362 349
362 352
362 353
362 354
362 355
362 356
362 357
362 358
362 359
362 360
362 361
363 154
363 333
363 336
363 337
363 339
363 340
363 341
363 342
363 348
363 349
363 350
363 352
363 353
363 354
363 355
363 356
363 357
363 358
363 359
363 360
363 361
363 362
364 348
364 349
364 350
364 351
364 352
364 353
365 348
365 350
365 351
365 352
365 364
366 348
366 350
366 351
366 352
366 353
366 364
366 365
367 348
367 349
367 350
367 351
367 352
367 353
367 364
367 365
367 366
368 348
368 349
368 350
368 351
368 352
368 353
368 364
368 365
368 366
368 367
369 351
369 352
369 353
369 362
369 364
369 365
369 366
369 367
369 368
370 349
370 350
370 351
370 352
370 353
370 354
370 361
370 362
370 363
370 364
370 366
370 367
370 368
370 369
371 364
371 365
371 367
371 368
371 369
371 370
372 367
372 368
372 369
372 370
372 371
373 367
373 368
373 369
373 370
373 371
373 372
374 353
374 354
374 361
374 362
374 363
374 367
374 368
374 369
374 370
374 371
374 372
374 373
375 117
375 352
375 353
375 354
375 357
375 358
375 360
375 361
375 362
375 363
375 367
375 368
375 369
375 370
375 371
375 372
375 373
375 374
376 115
376 117
376 118
376 134
376 354
376 357
376 358
376 360
376 361
376 362
376 363
376 369
376 370
376 371
376 373
376 374
376 375
377 115
377 117
377 118
377 119
377 133
377 134
377 135
377 358
377 360
377 361
377 362
377 363
377 369
377 370
377 371
377 373
377 374
377 375
377 376
378 94
378 95
378 96
378 115
378 116
378 117
378 118
378 119
378 134
378 135
378 354
378 356
378 357
378 358
378 359
378 360
378 361
378 362
378 363
378 370
378 373
378 374
378 375
378 376
378 377
379 95
379 115
379 116
379 117
379 118
379 354
379 355
379 356
379 357
379 358
379 359
379 360
379 361
379 362
379 363
379 370
379 374
379 375
379 376
379 377
379 378
380 94
380 95
380 96
380 115
380 116
380 117
380 118
380 354
380 355
380 356
380 357
380 358
380 359
380 360
380 361
380 362
380 363
380 375
380 376
380 377
380 378
380 379
381 352
381 353
381 354
381 355
381 356
381 357
381 358
381 360
381 361
381 362
381 363
381 370
381 373
381 374
381 375
381 376
381 377
381 378
381 379
381 380
382 352
382 353
382 354
382 355
382 356
382 357
382 362
382 363
382 370
382 374
382 375
382 376
382 378
382 379
382 380
382 381
383 352
383 353
383 354
383 355
383 356
383 357
383 358
383 360
383 361
383 362
383 363
383 367
383 368
383 369
383 370
383 371
383 373
383 374
383 375
383 376
383 377
383 378
383 379
383 380
383 381
383 382
384 368
384 369
384 370
384 371
384 372
384 373
384 374
385 369
385 371
385 372
385 373
385 384
386 369
386 371
386 372
386 373
386 374
386 384
386 385
387 369
387 371
387 372
387 373
387 374
387 384
387 385
387 386
388 369
388 371
388 372
388 373
388 374
388 377
388 384
388 385
388 386
388 387
389 371
389 372
389 373
389 374
389 377
389 384
389 385
389 386
389 387
389 388
390 371
390 372
390 373
390 374
390 375
390 376
390 377
390 384
390 387
390 388
390 389
391 384
391 385
391 387
391 388
391 389
391 390
392 387
392 388
392 389
392 390
392 391
393 384
393 387
393 388
393 389
393 390
393 391
393 392
394 373
394 376
394 377
394 387
394 388
394 389
394 390
394 391
394 392
394 393
395 96
395 118
395 373
395 374
395 375
395 376
395 377
395 378
395 387
395 388
395 389
395 390
395 391
395 392
395 393
395 394
396 94
396 96
396 97
396 117
396 118
396 119
396 375
396 376
396 377
396 378
396 389
396 390
396 391
396 393
396 394
396 395
397 94
397 96
397 97
397 98
397 117
397 118
397 119
397 120
397 376
397 377
397 378
397 389
397 390
397 391
397 393
397 394
397 395
397 396
398 72
398 73
398 74
398 93
398 94
398 95
398 96
398 97
398 98
398 115
398 117
398 118
398 119
398 375
398 376
398 377
398 378
398 379
398 380
398 390
398 393
398 394
398 395
398 396
398 397
399 72
399 73
399 94
399 95
399 96
399 97
399 117
399 118
399 375
399 376
399 377
399 378
399 379
399 380
399 381
399 383
399 390
399 394
399 395
399 396
399 397
399 398
400 71
400 72
400 73
400 74
400 93
400 94
400 95
400 96
400 97
400 117
400 375
400 376
400 377
400 378
400 379
400 380
400 381
400 382
400 383
400 395
400 396
400 397
400 398
400 399
401 96
401 373
401 374
401 375
401 376
401 377
401 378
401 379
401 380
401 381
401 383
401 390
401 393
401 394
401 395
401 396
401 397
401 398
401 399
401 400
402 373
402 374
402 375
402 376
402 377
402 378
402 379
402 381
402 382
402 383
402 390
402 394
402 395
402 396
402 398
402 399
402 400
402 401
403 373
403 374
403 375
403 376
403 377
403 378
403 383
403 387
403 388
403 389
403 390
403 391
403 393
403 394
403 395
403 396
403 397
403 398
403 399
403 400
403 401
403 402
404 388
404 389
404 390
404 391
404 392
404 393
404 394
405 389
405 391
405 392
405 393
405 404
406 389
406 391
406 392
406 393
406 394
406 404
406 405
407 389
407 390
407 391
407 392
407 393
407 394
407 404
407 405
407 406
408 389
408 391
408 392
408 393
408 394
408 397
408 404
408 405
408 406
408 407
409 392
409 393
409 394
409 397
409 404
409 405
409 406
409 407
409 408
410 391
410 392
410 393
410 394
410 395
410 396
410 397
410 404
410 407
410 408
410 409
411 404
411 405
411 406
411 407
411 408
411 409
411 410
412 407
412 408
412 409
412 410
412 411
413 404
413 407
413 408
413 409
413 410
413 411
413 412
414 396
414 397
414 407
414 408
414 409
414 410
414 411
414 412
414 413
415 74
415 76
415 97
415 393
415 394
415 395
415 396
415 397
415 398
415 407
415 408
415 409
415 410
415 411
415 412
415 413
415 414
416 72
416 73
416 74
416 75
416 76
416 96
416 97
416 98
416 395
416 396
416 397
416 398
416 399
416 409
416 410
416 411
416 413
416 414
416 415
417 72
417 73
417 74
417 75
417 76
417 77
417 96
417 97
417 98
417 396
417 397
417 398
417 409
417 410
417 411
417 413
417 414
417 415
417 416
418 54
418 71
418 72
418 73
418 74
418 75
418 76
418 77
418 94
418 96
418 97
418 98
418 395
418 396
418 397
418 398
418 399
418 400
418 401
418 403
418 410
418 413
418 414
418 415
418 416
418 417
419 54
419 72
419 73
419 74
419 75
419 76
419 96
419 97
419 394
419 395
419 396
419 397
419 398
419 399
419 400
419 401
419 402
419 403
419 410
419 414
419 415
419 416
419 417
419 418
420 52
420 53
420 54
420 71
420 72
420 73
420 74
420 96
420 395
420 396
420 397
420 398
420 399
420 400
420 401
420 402
420 403
420 415
420 416
420 417
420 418
420 419
421 73
421 74
421 393
421 394
421 395
421 396
421 397
421 398
421 399
421 400
421 401
421 403
421 410
421 413
421 414
421 415
421 416
421 417
421 418
421 419
421 420
422 393
422 394
422 395
422 396
422 397
422 398
422 399
422 403
422 407
422 408
422 409
422 410
422 411
422 413
422 414
422 415
422 416
422 417
422 418
422 419
422 420
422 421
423 407
423 408
423 409
423 410
423 411
423 412
423 413
423 414
424 409
424 411
424 412
424 413
424 423
425 407
425 409
425 411
425 412
425 413
425 414
425 423
425 424
426 409
426 411
426 412
426 413
426 414
426 423
426 424
426 425
427 411
427 412
427 413
427 414
427 423
427 424
427 425
427 426
428 412
428 413
428 423
428 424
428 425
428 426
428 427
429 411
429 412
429 413
429 414
429 415
429 416
429 417
429 423
429 426
429 427
429 428
430 423
430 424
430 425
430 426
430 427
430 428
430 429
431 426
431 427
431 428
431 429
431 430
432 413
432 423
432 425
432 426
432 427
432 428
432 429
432 430
432 431
433 413
433 414
433 417
433 423
433 426
433 427
433 428
433 429
433 430
433 431
433 432
434 413
434 414
434 415
434 416
434 417
434 418
434 422
434 426
434 427
434 428
434 429
434 430
434 431
434 432
434 433
435 411
435 413
435 414
435 415
435 416
435 417
435 418
435 421
435 422
435 425
435 426
435 427
435 428
435 429
435 430
435 432
435 433
435 434
436 32
436 413
436 414
436 415
436 416
436 417
436 418
436 419
436 421
436 422
436 429
436 432
436 433
436 434
436 435
437 31
437 32
437 33
437 52
437 54
437 74
437 413
437 414
437 415
437 416
437 417
437 418
437 419
437 420
437 421
437 422
437 429
437 432
437 433
437 434
437 435
437 436
438 30
438 31
438 32
438 33
438 50
438 51
438 52
438 53
438 54
438 72
438 73
438 74
438 75
438 76
438 415
438 416
438 417
438 418
438 419
438 420
438 421
438 422
438 433
438 434
438 435
438 436
438 437
439 29
439 30
439 31
439 32
439 33
439 50
439 52
439 53
439 54
439 55
439 72
439 73
439 74
439 415
439 416
439 418
439 419
439 420
439 421
439 422
439 434
439 435
439 436
439 437
439 438
440 30
440 31
440 32
440 33
440 34
440 35
440 49
440 50
440 51
440 52
440 53
440 54
440 55
440 72
440 73
440 74
440 75
440 76
440 77
440 415
440 416
440 417
440 418
440 419
440 420
440 421
440 434
440 435
440 436
440 437
440 438
440 439
441 31
441 32
441 33
441 34
441 35
441 50
441 51
441 52
441 53
441 54
441 72
441 74
441 75
441 76
441 77
441 416
441 417
441 418
441 419
441 429
441 433
441 434
441 435
441 436
441 437
441 438
441 439
441 440
442 31
442 33
442 34
442 35
442 49
442 50
442 51
442 52
442 53
442 71
442 72
442 74
442 75
442 76
442 77
442 78
442 417
442 418
442 434
442 437
442 438
442 439
442 440
442 441
443 32
443 33
443 51
443 52
443 74
443 75
443 76
443 415
443 416
443 417
443 418
443 428
443 429
443 432
443 433
443 434
443 435
443 436
443 437
443 438
443 439
443 440
443 441
443 442
444 32
444 76
444 413
444 414
444 415
444 416
444 417
444 418
444 419
444 421
444 422
444 428
444 429
444 430
444 432
444 433
444 434
444 435
444 436
444 437
444 438
444 439
444 440
444 441
444 442
444 443
445 427
445 428
445 429
445 430
445 431
445 432
445 433
446 427
446 428
446 429
446 430
446 431
446 432
446 433
446 445
447 428
447 430
447 431
447 432
447 445
447 446
448 428
448 430
448 431
448 432
448 433
448 445
448 446
448 447
449 428
449 430
449 431
449 445
449 446
449 447
449 448
450 431
450 445
450 446
450 447
450 448
450 449
451 428
451 429
451 430
451 431
451 432
451 433
451 443
451 445
451 446
451 447
451 448
451 449
451 450
452 431
452 445
452 448
452 449
452 450
452 451
453 448
453 449
453 450
453 451
453 452
454 431
454 445
454 448
454 449
454 450
454 451
454 452
454 453
455 431
455 433
455 443
455 445
455 448
455 449
455 450
455 451
455 452
455 453
455 454
456 35
456 431
456 432
456 433
456 434
456 441
456 442
456 443
456 444
456 448
456 449
456 450
456 451
456 452
456 453
456 454
456 455
457 31
457 32
457 33
457 34
457 35
457 433
457 434
457 440
457 441
457 442
457 443
457 444
457 450
457 451
457 452
457 454
457 455
457 456
458 31
458 33
458 34
458 35
458 51
458 440
458 441
458 442
458 443
458 444
458 450
458 451
458 452
458 454
458 455
458 456
458 457
459 13
459 30
459 31
459 32
459 33
459 34
459 35
459 36
459 433
459 434
459 437
459 438
459 440
459 441
459 442
459 443
459 444
459 451
459 454
459 455
459 456
459 457
459 458
460 13
460 31
460 32
460 33
460 34
460 35
460 432
460 433
460 434
460 435
460 436
460 437
460 438
460 440
460 441
460 442
460 443
460 444
460 451
460 454
460 455
460 456
460 457
460 458
460 459
461 11
461 12
461 13
461 30
461 31
461 32
461 33
461 34
461 433
461 434
461 435
461 436
461 437
461 438
461 439
461 440
461 441
461 443
461 444
461 456
461 457
461 458
461 459
461 460
462 32
462 430
462 431
462 432
462 433
462 434
462 435
462 436
462 437
462 441
462 443
462 444
462 451
462 454
462 455
462 456
462 457
462 458
462 459
462 460
462 461
463 429
463 430
463 431
463 432
463 433
463 434
463 441
463 443
463 444
463 445
463 447
463 448
463 449
463 450
463 451
463 452
463 454
463 455
463 456
463 457
463 458
463 459
463 460
463 461
463 462
464 449
464 450
464 451
464 452
464 453
464 454
464 455
465 450
465 452
465 453
465 454
465 464
466 448
466 450
466 452
466 453
466 454
466 455
466 464
466 465
467 450
467 452
467 453
467 454
467 455
467 464
467 465
467 466
468 452
468 453
468 454
468 455
468 464
468 465
468 466
468 467
469 453
469 454
469 464
469 465
469 466
469 467
469 468
470 452
470 453
470 454
470 455
470 456
470 457
470 458
470 464
470 466
470 467
470 468
470 469
471 464
471 465
471 466
471 467
471 468
471 469
471 470
472 464
472 467
472 468
472 469
472 470
472 471
473 467
473 468
473 469
473 470
473 471
473 472
474 35
474 454
474 455
474 457
474 458
474 467
474 468
474 469
474 470
474 471
474 472
474 473
475 35
475 454
475 455
475 456
475 457
475 458
475 459
475 467
475 468
475 469
475 470
475 471
475 472
475 473
475 474
476 452
476 453
476 454
476 455
476 456
476 457
476 458
476 459
476 462
476 463
476 464
476 466
476 467
476 468
476 469
476 470
476 471
476 472
476 473
476 474
476 475
477 454
477 455
477 456
477 457
477 458
477 459
477 460
477 462
477 463
477 467
477 470
477 471
477 473
477 474
477 475
477 476
478 13
478 33
478 35
478 454
478 455
478 456
478 457
478 458
478 459
478 460
478 461
478 462
478 463
478 470
478 473
478 474
478 475
478 476
478 477
479 9
479 11
479 12
479 13
479 31
479 32
479 33
479 34
479 35
479 456
479 457
479 458
479 459
479 460
479 461
479 462
479 463
479 474
479 475
479 476
479 477
479 478
480 11
480 12
480 13
480 14
480 32
480 33
480 456
480 457
480 459
480 460
480 461
480 462
480 463
480 475
480 476
480 477
480 478
480 479
481 9
481 10
481 11
481 12
481 13
481 14
481 30
481 31
481 32
481 33
481 34
481 35
481 36
481 37
481 457
481 458
481 459
481 460
481 461
481 475
481 476
481 477
481 478
481 479
481 480
482 9
482 10
482 11
482 12
482 13
482 30
482 31
482 32
482 33
482 34
482 35
482 36
482 37
482 457
482 458
482 459
482 460
482 474
482 475
482 476
482 477
482 478
482 479
482 480
482 481
483 8
483 9
483 10
483 11
483 12
483 13
483 22
483 27
483 30
483 31
483 33
483 34
483 35
483 36
483 37
483 475
483 478
483 479
483 480
483 481
483 482
484 11
484 33
484 34
484 35
484 36
484 457
484 458
484 459
484 470
484 473
484 474
484 475
484 476
484 477
484 478
484 479
484 480
484 481
484 482
484 483
485 33
485 34
485 35
485 454
485 455
485 456
485 457
485 458
485 459
485 460
485 469
485 470
485 471
485 473
485 474
485 475
485 476
485 477
485 478
485 479
485 480
485 481
485 482
485 483
485 484
