0.00043618553838439627 -0.009269577831885428 0.046282148248204674
-0.011289091705999886 0.002015285935295238 0.036007839336854225
-0.010047089597452022 0.004664634931462673 0.019695892580096123
-0.0028236713957607578 -0.0009831771733095462 0.021349726628960262
-0.020712024215811708 0.012856670489048991 0.01520266592705883
-0.02211472546003177 0.018055432385877323 0.0013463445607914241
-0.018585680184107212 0.010435683765624924 0.0197598213269035
-0.0069816660197582125 0.003898663670181989 0.013802764843809073
-0.0028919106029679587 -0.00023607863362899725 0.01880506229665213
0.0029349853658550184 -0.002565032162865348 0.01154703570849947
0.005642235835800287 -0.000877297339917991 0.0038778389077897993
0.005984606767461359 -0.006309676961398842 0.01552669031447159
0.0037109737692626195 -0.007075953912119542 0.022768668077451676
0.007083631331634191 -0.010112154101933692 0.02751143321665782
-0.0019245458473073458 -0.004999674433490049 0.029317396140822925
-0.005438614750266851 -0.0011260603030441053 0.026997718237997487
-0.04827125210344591 0.03868169785173117 -0.015289549481390803
-0.03429939044881409 0.03136335776155133 -0.020307012603177493
-0.04862839127303714 0.030455976971401226 -0.004035028955681186
-0.027522321679025474 0.02946623525847936 -0.02138435362833477
-0.012181486256899916 0.024762411642420146 -0.026352474496214164
-0.009544132512446013 0.02546907344752598 -0.030720522917511265
-0.0070008234151460996 0.02216600515310983 -0.02188145804559245
-0.01974716449075732 0.03007535414161451 -0.03310332626719704
-0.020546135661274556 0.03976882073137948 -0.05132066124407926
-0.01950108565074806 0.02511833420241659 -0.020740960420118085
-0.009009735668447262 0.020578197391009117 -0.017485123765259382
-0.010066453836339717 0.016766043135953278 -0.008186694582463261
-0.015057758780382596 0.014949895442769806 -0.0011840688509870924
-0.013256233499202323 0.012782036017334016 0.005343458774190676
-0.006747557275592973 0.01008169165568094 0.0015184270810917467
-0.004043057568518732 0.00798340068684561 0.003626878349602767
-0.004981934773257581 0.007485195864929351 0.01139316524541775
-0.000997545359967798 0.007402739210008738 -0.001638252797849003
0.001025750297024394 0.00843933146390476 -0.00725531193184777
0.004751150865701867 0.006755014347658716 -0.014564210413630038
-0.00018804577577112021 0.012873944708828192 -0.01001704719624813
-0.0047431954321002 0.012523063052198363 -0.005334607672883069
-0.043536626258270254 0.056985475293292086 -0.07605888386556126
-0.03067850389309703 0.048215043067492955 -0.07196565610818598
-0.04547834942717987 0.03966968027113451 -0.048341287554238714
-0.019360513207688362 0.033693736149278876 -0.04528704690370133
-0.005612156538325969 0.03306656906283276 -0.04199747219081094
-0.0038102527549670447 0.02922638054613445 -0.029001383155927284
-0.005307600334591111 0.02757172989156961 -0.025282518495510817
-0.008758912330406826 0.020559172728749645 -0.02236752643616499
-0.011061852313371496 0.022194326014638603 -0.018952152914235562
-0.010524885834315061 0.016972777817040076 -0.014584750045874078
-0.0050385237773347335 0.021335815335229793 -0.015160313416736381
-0.009795361368664168 0.018810235675523573 -0.013008194518930089
-0.007802681462127635 0.015371531329411107 -0.0074788415110327265
-0.0057297899453207825 0.018566375967393935 -0.0068171344820052325
-0.010988403969654793 0.0156591835742251 -0.004995682944005936
-0.01395308354130915 0.014617677385592874 -0.0043788000128814125
-0.0154268052792149 0.015134621055343224 -0.0007022485273535371
-0.017175641245144476 0.016916051012810004 -0.00846613413122347
-0.01616630282862701 0.01758815390512939 -0.012633491262333476
-0.025057099516616166 0.013650263229840162 -0.016146357296843983
-0.018926192565051774 0.010172312209284863 -0.009986785094337293
-0.021222052381457978 0.0024877025151322564 -0.017675359043280155
-0.017977524481247596 0.010164127198086138 0.000255685412275203
-0.012902843111466666 0.016675005420355073 0.005846250910604318
-0.014414962416320069 0.015288384200262876 0.014423127481653997
-0.014903901875160972 0.017846920871911025 0.010997347396572809
-0.021498447247460938 0.004518505472783265 0.021513538820170076
-0.032378706319858196 0.00975922092730706 0.038654406809500844
-0.020174876945491613 -0.00061108391165551 0.013671874691065062
-0.016681041893650665 0.008002586941595783 0.010269637764395616
-0.016657342541693414 0.0071020227517458 0.00477335652989092
-0.01638407136652227 0.0036431734272637105 -0.0012673252126671202
-0.01739038539787756 0.00567088702036241 -0.00330283299261136
-0.014636499104838581 0.007230928003042355 0.00030989080189114713
-0.014162108202438932 0.007992914417769389 0.0005740933453960608
-0.017089602888499998 0.008356706368442733 -0.0009963655910857295
-0.01473325155481577 0.01080046598040397 0.0031903267571942047
-0.014204385808292624 0.011546495731005005 0.005827062238557554
-0.016206743780795868 0.013907563348987207 0.008662334086347687
-0.015681229481887934 0.011083280384471513 0.007926825850172172
-0.014490100834226556 0.008417609106204316 0.0038384726123333202
-0.054791531631320424 -0.0033528202933468623 0.07374390515318732
-0.04401529586676091 0.0020364612890969224 0.06687664846315819
-0.036664142568104185 -0.019032727936803065 0.04745946974429859
-0.040947779207775016 0.004676673870925328 0.05638632354593092
-0.036281136504894 0.018734297711084053 0.04743434391404327
-0.03409896531144467 0.01827077885615638 0.04116788301272212
-0.029987672887996714 0.012581174179732067 0.030960491903544135
-0.03815211008900302 0.01088735196240385 0.047447863066195445
-0.050876894893557255 0.027967991119968928 0.06319126210928576
-0.03197672914294973 0.00167416318610786 0.03423192512185714
-0.024757324428290796 0.007095433094297254 0.022336190200106368
-0.023253884782452484 0.0016547159043549496 0.018404952750221755
-0.021418902434414702 -0.0039930035661891695 0.018339937566637727
-0.021043797635554494 -0.0053667821664183345 0.013431618170364172
-0.018513465722826555 -0.0014708698513021927 0.010480003161488357
-0.01771644007923268 -0.0015428691939893295 0.007418219987460731
-0.017373706155788694 -0.004178179817541572 0.005051487976687424
-0.0191562512612818 0.0007278426497109466 0.007762849701454973
-0.018128541820856645 0.003934948281895069 0.008833595294545303
-0.02152187681170212 0.005412607782646962 0.012960205550200651
-0.02003109301685936 0.002184183921523351 0.013143569959902708
-0.08019677431444705 0.02893634938833178 0.10506361288935251
-0.06513576964374382 0.03897107435091647 0.08883358073263516
-0.06004731054697492 0.0010722466471336722 0.07872977426892569
-0.04525856949392815 0.021451678191745004 0.05319963215675898
-0.038882910528295976 0.03373317835799244 0.038333469729226625
-0.03306214789217566 0.024691618692569806 0.024520357542657797
-0.03179428890709024 0.014673181067259712 0.021879102795121803
-0.029869554789573736 0.013627740694275404 0.026313910668816873
-0.03369101010986435 0.020744349172593716 0.023671279064764343
-0.02368771240228913 0.0015426853609394869 0.019663664310697097
-0.022468621598841484 0.003741885163175061 0.012471353094460617
-0.020988726669566138 -0.002177816423639011 0.014664182031008211
-0.021791092215549555 -0.005817656835190071 0.01966820673288949
-0.020650057904558955 -0.008523169243946846 0.019442993776755905
-0.016426781089525493 -0.006761883618418034 0.012951590269633544
-0.014134411799669141 -0.00805241184000702 0.010795967635829433
-0.013738067918989055 -0.012109670801338408 0.013386070250028104
-0.015049393040565514 -0.007087311393110238 0.008406857376977982
-0.015013762112308458 -0.003997560635645174 0.005634783045720055
-0.017650624668211438 -0.0018727568750556071 0.006470794047442119
-0.01699469708308552 -0.0028257642034421123 0.010193682212724946
-0.04457826558504589 0.016427075201267786 0.035515054682899824
-0.03299159202089058 0.02103733003972187 0.022120787192157234
-0.03409936253248476 0.0016540409309721352 0.03858874249909717
-0.02125856812361416 0.00128589377264531 0.00753088008620876
-0.01934297621346157 0.007140420726287454 -0.0013067643439785333
-0.015087228895830099 -0.0016250200231077074 -0.006193236619699316
-0.01554571701651578 -0.00590481417023592 -0.0006809298573433227
-0.009593954772671132 -0.010584766489814592 -0.007733230920334423
-0.012563509906115884 -0.017380745611022385 -0.019456500657629286
-0.005291282044060244 -0.011351459687967084 -0.004077293139429195
-0.008605107915977569 -0.008794096220984014 -0.0011282481692147267
-0.00817127660613835 -0.01101895309308994 0.0035503590711531826
-0.005598855810555943 -0.011172454543564298 0.004315448654522735
-0.004970432464180389 -0.012188286341118399 0.0019487009393250696
-0.004705876635027311 -0.013629711783207705 0.008373698448948391
-0.006588428543842574 -0.012922824239289211 0.011500754623364242
-0.0074836775794338865 -0.016921186047666473 0.016817376573048003
-0.008700579789474375 -0.011345399823902716 0.012001805200726785
-0.011826419510989263 -0.012133137963717427 0.01778085317265419
-0.009121339003005173 -0.009918625937242782 0.007425848518814965
-0.0035185935240533367 -0.029224274905245887 -0.03641568926687786
-0.007119598621614653 -0.02580973507209398 -0.036212234431099256
0.006369868441323911 -0.020996622377713176 -0.02341515144126145
-0.0024542486868065557 -0.016591984244329287 -0.01964768717268464
-0.007099505939164909 -0.015169021125439941 -0.015111699748239633
0.00025006936604769715 -0.012448544714582843 -0.007328566994458807
0.0009153368071911232 -0.013700810803055173 -0.006432289603892119
0.0059296095045561804 -0.00688027746017506 -0.00853830875313084
0.012044144936546168 -0.004367468203798339 -0.005393711477607464
0.00799784891152168 -0.0054740639176347385 -0.00575715964391126
0.005030808292062867 -0.01107407598163259 -0.001737596114471311
0.005852133947903381 -0.012456863235770704 -0.0004976082158488356
0.00699657332527373 -0.012748374576982689 0.0031521816194553295
0.010882821285546669 -0.01525562126221743 0.006479687998330213
0.007339117554442067 -0.015185817261105806 0.004010375939808873
0.005473031934248795 -0.01336495486896205 0.0035785944020283655
0.006111643131684913 -0.01576671671891577 0.006911824189674271
0.004770272776882729 -0.011671655198490161 0.00037528332120368194
0.004309095598011796 -0.011903663211642669 0.000981116852593047
0.004460383461500615 -0.011440190949797622 -0.0021538806676276298
0.026594303942293684 0.008444080090968644 -0.00551775867922867
0.02382155625398415 0.008678034641376668 -0.0016013728387776576
0.018711100060770466 0.011375305745185194 -0.012245865542134422
0.0234523591161545 0.004582747756650529 0.0042653066637259466
0.021804909954290682 -0.0012470703670004113 0.01171725321274114
0.02547474003973431 -0.0022271121697251097 0.016926471637381726
0.024261666266040822 -0.00539496940954618 0.013644367487852327
0.031655858816570674 0.005262399959291478 0.018076803379604215
0.0486599113761979 0.002421218674337453 0.0284714594074149
0.025870295425983025 0.005248361047380068 0.014147531644424739
0.023154490540546583 -0.0019147003323614674 0.01204487316643023
0.020438868571858837 -0.002624207046182381 0.008622638408053785
0.01824401645694297 -0.004722459911946506 0.007733085269050384
0.02286836275562439 -0.006957267374074471 0.010915725781024468
0.01728425324510992 -0.006366311832670067 0.00581221102629011
0.014557494219686164 -0.005046231675905994 0.003052039521778374
0.013632919194541699 -0.006668573804422709 0.0013033113627593158
0.014378617230591924 -0.0026019332467994275 0.0024352729200884274
0.01714967867085648 -0.0005506058956329883 0.005132837240548601
0.07654264180375958 0.02156672629107664 0.05148814462001168
0.07311436856796971 0.007143010358439033 0.04547555816528834
0.04994978649417936 0.03333396284464773 0.04022495133909768
0.038116300689614066 0.007111446554713484 0.02763803805142126
0.03558762260352064 -0.0005064554005062425 0.015158690996912975
0.021873842635718416 0.0024600301998793407 0.006570007286370753
0.026088720889469695 0.002274525248696642 0.011255189495259296
0.00782878049186414 0.003365863808987509 0.013163471259436375
-0.0035311326608826986 0.00435709467820419 0.004174823312531799
0.008313509881787433 0.004048113420777154 0.019353207009940882
0.015578956216448727 0.003559340640944331 0.01153267717370898
0.017365273975954436 0.0038404800037412866 0.012689410737780805
0.01567075001173364 0.004664644265926836 0.013126238136791615
0.017556341135512642 0.004133413324442888 0.009665950098494318
0.01692852629409418 0.0031695628106704625 0.007926549819023493
0.01663584261576474 0.0022999020675371017 0.005273684390437694
0.018314056153968285 0.0023049814988304294 0.0031980147410517186
0.017991301728073734 0.002859369733254879 0.0035073792776258456
0.01749441929603919 0.0036643765493631253 0.0027887061337206484
0.018786593489062593 0.00521145883496353 -8.055448100054792e-05
0.01989679881824267 0.004732296346529084 0.004694703856497431
0.01745284764096731 0.0031598936264424287 0.008587090119005544
-0.025286444369371483 0.007031732040097958 -0.0032791100205300677
-0.009507712584473131 0.006841493704993588 -0.004123373238212569
-0.03072488540900328 0.0005189787764082405 0.006106697218493894
-0.022663929281130087 0.01037596349341801 -0.020630038902257283
-0.008266755604423588 0.013579101472372743 -0.026317404828450006
-0.004034732129405718 0.018000244435743478 -0.03965360908678091
0.0006124513861946045 0.016192628574876692 -0.027738220047019962
-0.025992369624527827 0.019434933816561705 -0.049318966627651825
-0.026583429123936908 0.04494337396043539 -0.09275820035141093
-0.028229981002080365 0.011086998961335595 -0.03092019220079379
-0.003687695858389208 0.01133519692237807 -0.022414400454562583
-0.00480886183818531 0.007167739581578412 -0.00871655894903581
-0.000878748743438398 0.007395917909201573 -0.008325428724623744
0.003184687898914936 0.013648363297481467 -0.01981012124058042
-0.00011962876653118554 0.006037462374273863 -0.0007627520036341626
-0.0023632050433056466 0.003750523049991917 0.00563389442184881
-0.002262565823090652 0.002563116489353616 0.010966448715710692
-0.0075231647087902614 0.0023639044919233805 0.006274857521941231
-0.009469655703643933 0.0040430711038479915 -0.0015242996125402542
-0.09671240360525883 0.08665733838056935 -0.18269416643899375
-0.056115217958321126 0.10270125030843003 -0.1753834767863724
-0.11209876400332178 0.037354513283561736 -0.13041225552911495
-0.051529484091559975 0.04988988474786677 -0.1042147203795628
-0.023652584210617833 0.05927463647502799 -0.09470801151766416
-0.02928210640748853 0.03928621372941955 -0.07093510886090457
-0.02725046439445055 0.027783511326856195 -0.05658756148085496
-0.04807477475515341 0.02583455756256463 -0.07793581145376142
-0.058997033977438405 0.040407327567529974 -0.10100282284210992
-0.05066842249205121 0.01179907687921202 -0.05804528746352732
-0.031996042756441724 0.017075784127136725 -0.04016398697580657
-0.034181565054883366 0.010046804318398793 -0.025888591938739127
-0.039543332326451026 0.007377975330243072 -0.021265089679620795
-0.03719395789812449 0.004322165995173661 -0.00917551946204422
-0.026461156644805358 0.00402578843693116 -0.005727926601967696
-0.021351068201766594 0.003466162806402775 0.0013814800035923936
-0.026058413669131107 0.002307623682362986 0.009474019341060447
-0.017857682700076573 0.0048243677132903924 -0.0013885328524593404
-0.014904951815348993 0.007383767631123333 -0.008019626883056255
-0.012391896580617144 0.008921342245698337 -0.010058328876103608
-0.019188878247314075 0.01097304013427616 -0.014469532776764302
-0.024259914665141755 0.007543716367047081 -0.013327852350783027
-0.0022771612700880155 -0.006035623911990978 0.0363896635419997
-0.0066690882643143405 -0.0011608379774013 0.021598557094257325
-0.003811775010891516 0.0017718698536129706 0.00843533864752381
-0.011618287451125036 0.004042933476869243 0.010373629420214452
0.009130567030704818 -0.0018911144046319201 0.004553743867720842
0.015983905591798353 0.0029258231563109257 -0.008284392999557657
0.007235404511235929 -0.0021778389970115207 0.008540264587524306
-0.003112477795250481 0.0029079685585018684 0.005440094273097419
-0.007468670251894862 0.0023672886541402736 0.011895465460544423
-0.009113129864791547 0.0038060698312085326 0.007565029719824533
-0.008937077252018245 0.0072915528543570415 0.000880498850089899
-0.013666649817157707 0.00333628952145956 0.011510378388910263
-0.015241226337295109 0.0010332274613354538 0.018506728137998203
-0.02001110013148988 0.0008828415841199871 0.024079283787763223
-0.013193463232382631 -0.0011046152457724163 0.026974285863135494
-0.00880127503810396 -0.0007809363720974126 0.019464776282817134
0.04139662017430078 -0.0033390880429436873 -0.019405734546322197
0.03663674852326184 -0.0013312981291456764 -0.02307361932323666
0.03367473385301451 -0.012067990060707502 -0.004685121074007518
0.02821581131376938 0.004229876523814757 -0.021844036671164576
0.01961784076499318 0.012429535358599227 -0.024552496415312704
0.018182834544008424 0.0141578562694932 -0.025123501450834643
0.014512550427073898 0.01297454214914308 -0.018680222118632534
0.025336540944858484 0.009612861325926059 -0.02717431437423965
0.031004083039211802 0.015754256886315633 -0.039358613779128
0.02175368166853327 0.005299618636694351 -0.01780176938852187
0.015121862429173598 0.009293355502585171 -0.014554410250068898
0.013327110095045494 0.006214916219642563 -0.008078137694286417
0.014020878167317848 0.001303962703983056 -0.0038966104277853115
0.012622170199605945 0.0017280862137172641 0.001684664164623362
0.008906151995479816 0.0037424270692867864 -0.00045248261100482614
0.00801610568942098 0.004435347231786498 0.0023120476612916094
0.008559353646221709 0.003484676922892741 0.008244805682160398
0.006768802971692755 0.006427396654131904 -0.0018588021285942597
0.006116703087770117 0.008192159125487623 -0.006213150928268698
0.003036381522434509 0.010073298930821506 -0.012273645043408466
0.00845774122482374 0.009552135124714364 -0.008120671524907364
0.009307261206168385 0.0066874862721295215 -0.005156430250241925
0.05022798567035648 0.011768546834728343 -0.05941182359226091
0.0397756168849133 0.014605520711775887 -0.05503210128186022
0.04188338780303797 -0.0003577127114309253 -0.03979108010930998
0.02625073519112167 0.008739977401760446 -0.03275534089341901
0.020736097375542162 0.01607540716798276 -0.028626198448469514
0.01851026033149696 0.011933485999646104 -0.016905850560135296
0.01884286591361611 0.010463382020659481 -0.017376509366248464
0.012591320742120727 -0.00037839679574408757 -0.01302155728478846
0.012527309813908373 -0.009968613053331618 -0.00434753806977813
0.01409795266326895 -0.001641305878701038 -0.0071506712216209975
0.0159165224990336 0.006613561550971777 -0.009621315079555992
0.016621672098534837 0.003012442061608356 -0.009607704574410432
0.015218201200681599 0.0026998560080973193 -0.004766444208123716
0.018495971885318936 0.005018266057466839 -0.0024287848375280406
0.016944093883289928 0.0012581872648368404 -0.0033760330467317063
0.016343599779432824 -0.0008069678322660088 -0.004429099628739977
0.017683843594070003 -0.0014294650254658065 -0.00175143872861487
0.017612399920128374 -0.002165958728488335 -0.00853656758726839
0.0175015894105685 -0.0018248495350849893 -0.010927204745306464
0.0025725781549764642 -0.03828039560332167 0.005775028388583556
0.0004173888308402417 -0.03479402021378808 0.010609519978856143
-0.008684330002517261 -0.0317925136637131 -0.007399988301747445
0.00997330964290819 -0.028058561510980632 0.015964733046376463
0.01862140521661593 -0.022774278814318413 0.025060441189935254
0.023102868509593304 -0.022212072143304937 0.03036083147388444
0.02376733912381437 -0.016998561865504726 0.022439938254899906
0.01758257659231188 -0.034217400608911236 0.037705993594342894
0.03416351682377411 -0.04389719473345253 0.060768296380325396
0.011212745955969685 -0.031637495560277416 0.0264163035778385
0.01770988401145134 -0.019630284328174694 0.019030230853921606
0.013550013784067517 -0.017388330428076113 0.010406727895603431
0.006615858237338851 -0.018254340381476376 0.004316645272444855
0.007697758516468294 -0.015935411774660246 0.00019324558918477525
0.011022662692828552 -0.011159074421133624 0.0016567345907101735
0.011564578503586394 -0.009222747966903116 0.0016041795516729797
0.012280533654650589 -0.011228503134106093 -6.065216827228697e-05
0.01588033822491039 -0.008064789004171253 0.004793146456987333
0.017718767902993177 -0.007701698115442714 0.007773062239008895
0.02181848526555664 -0.006890121927228345 0.010888342120471108
0.019517286510040685 -0.010782890608882654 0.01102762077968513
0.01412424325117191 -0.011870561346556532 0.006804977679426558
0.03793473432683393 -0.07777225795124244 0.09961703381570389
0.039121578950007334 -0.062086170865043415 0.09301200898701996
0.007666070285994228 -0.06603792736257366 0.06691678208983164
0.034481357455804114 -0.04423202605940119 0.059477013856289715
0.04630093576585377 -0.029897344986369787 0.052194113923696085
0.046063470283374736 -0.02807636205411215 0.04401716762283412
0.0401832293454241 -0.026386112719025613 0.033213066695611186
0.04195385330121347 -0.03377150347067607 0.04967723101696167
0.06310203446066731 -0.03305385308680374 0.06050660518714419
0.026678311441581726 -0.03459639422436211 0.03766483413291536
0.02634982329653025 -0.025514328093701983 0.02382558203570024
0.018368701833491333 -0.025650725928247135 0.021760590708769036
0.010628368753510966 -0.028344718736777658 0.02310584770614877
0.0067564671033668615 -0.02834483129968879 0.01839288210403518
0.009007242477354994 -0.020730233770111094 0.01307906179155512
0.008109588325526695 -0.018362007457613478 0.009257142139244225
0.00517964748337057 -0.019945574272950878 0.007742973417617805
0.011322449142370386 -0.017528014108655794 0.00865400338642329
0.014190210360404971 -0.015152752504579398 0.009019324632597095
0.0195819432308236 -0.017130538718544367 0.012468588900830205
0.01497438284115313 -0.019615591239791938 0.014522066049946934
0.0823832423298284 -0.06003825193287043 0.09874169829722455
0.08129707080624157 -0.03688340036374193 0.08334165867244447
0.040371276658176546 -0.0607599304031398 0.08861892745252554
0.0435874082242705 -0.029983530386122767 0.04094871958149306
0.04793907903078156 -0.017731556345054085 0.024852302385522013
0.0364703878437227 -0.016244357356244205 0.012300113842023648
0.02965510298321463 -0.019675538806052103 0.011379542461934199
0.024638999822302776 -0.0178407888608523 0.013032384060771592
0.02658622630565232 -0.020311857930433105 0.004089325053132988
0.013069760450411966 -0.01826735728419543 0.012623894605444354
0.01450725355609595 -0.017302479203297957 0.007201825920691634
0.010023802337288909 -0.01973543739531215 0.01128952418820553
0.009512246217285785 -0.022288941675193526 0.017192745136072884
0.005180357107069966 -0.02350901117182711 0.01919219166414357
0.003166737208567908 -0.01815563560139089 0.012286801494861428
-0.00033130214060793654 -0.016559380782602492 0.01135670110765927
-0.0030190026197294095 -0.019340426844060624 0.015415026688311089
0.0004258911440574919 -0.015986753619439638 0.008502582861603875
0.0030548291584394497 -0.014426886727754796 0.004602599476082399
0.006336244873702091 -0.01584541693207594 0.004104691154449274
0.006164656918349833 -0.016275510697995033 0.008392473145364492
0.02252474998658623 -0.02768222624351312 0.0028591475097725057
0.019982406734181567 -0.020109491319190858 -0.0057558337634421785
0.010406985094754267 -0.020388031441523857 0.012432803941443558
0.007056818995136211 -0.018030511832312312 -0.007447923388867248
0.01082086215854567 -0.01621419221582199 -0.012154615987211428
0.003722775369161471 -0.014333389900382068 -0.012849489439447685
0.0031640558604998596 -0.015728844673407304 -0.007907057687811771
-0.004616375616021551 -0.01347938153553739 -0.01623817542008299
-0.00703486405394717 -0.0191894931410481 -0.025962644346021184
-0.00637133622725266 -0.009367433456870713 -0.009224858812234248
-0.003235019096129769 -0.011278171851045841 -0.005254986634890317
-0.005319716631080296 -0.011617619177777256 -0.0007279596022224572
-0.007283151686712106 -0.009161297382730964 0.001813917167606097
-0.009102746116446016 -0.00896347408756009 0.0006485631374333336
-0.009673044271179286 -0.009790349340924558 0.00529790792196854
-0.00732412376221598 -0.0109353500865578 0.008044202907186949
-0.009052098066520997 -0.012964033853283128 0.013196535997020043
-0.004673613011837664 -0.01211039388460795 0.007428794973878836
-0.0028010317543751286 -0.0140208985599536 0.012126359801872452
-0.003564316040659212 -0.011664151271499983 0.002006038678751715
-0.018342215898499208 -0.016003137966374058 -0.043776587410180035
-0.013729756297745093 -0.017205883136297315 -0.040003614797754425
-0.018157181046271453 -0.002874776737528641 -0.036447188777583746
-0.008867683911665989 -0.004821518563755828 -0.020049742659926484
-0.007151187902829894 -0.007263699524968387 -0.011657721723406124
-0.009692128462108918 0.0007580579429371101 -0.003197410304013438
-0.012107648930409316 -0.0009047411116719814 -0.003827152204416897
-0.008257478974338681 0.00939371252027004 -0.005195995151068167
-0.010638431461068498 0.01930358481698924 0.0026487611750800936
-0.007580523428969641 0.009793174076455004 -0.004755927723525877
-0.011602235234901526 0.003843073412365222 5.6666108279495493e-05
-0.012964138534722867 0.0020070082058922666 -0.00019246838048046
-0.014103603864463002 0.0019600380032356616 0.0032443879620803954
-0.018362696815387894 0.004203705459735372 0.0070674599091428494
-0.01609787914109003 0.0006973701502254856 0.003340460880767386
-0.013712676146472596 -0.00035587412464071485 0.001763612216938055
-0.016139181965860935 -0.0007335863981287262 0.0039176459489651
-0.011316765697105218 -0.00030654030473355025 -0.0012603983373444367
-0.01129611395519766 -0.0009632150068560866 -0.00311412867602573
-0.010788553901279602 0.0003897053561899466 -0.003009084159147214
-0.006632958664868557 0.042543220096742315 0.005861281292982812
-0.007895075857276872 0.03835435818373132 0.010365230849337341
0.0021734435424320656 0.03140989929743165 -0.0037193087011433033
-0.010196994182019862 0.03063122141038545 0.010109081440274913
-0.015087970933651466 0.02511845647258479 0.013029959129857556
-0.016683265316978276 0.02567484979398517 0.01421809010447793
-0.018339938352293857 0.021701775599438852 0.011214524287115089
-0.01316802340845453 0.03069934772659683 0.013989553644786682
-0.018104764553083574 0.04002403306345993 0.019763385384387558
-0.010552640328284856 0.02329734322186438 0.011150034192758132
-0.0143209513734743 0.019166633766651696 0.009164685515668678
-0.01352058806865844 0.017069139160693393 0.006706349678280904
-0.013991144312598881 0.013098134433489988 0.005682730750349728
-0.01792223651124307 0.015205074066988188 0.007415420361007698
-0.014575282588548047 0.011853344432943974 0.00413023457105684
-0.012515210465413894 0.010546532379842898 0.0020639701452005955
-0.013963936976811758 0.00960078737792149 -0.00017182845636245982
-0.010917017362118038 0.012050341315048575 0.0018808843556000487
-0.00970730195472997 0.015371941874614752 0.004506618898070067
-0.012676518006631731 0.058973192229858085 0.03095545256431984
-0.014268725670871858 0.048953641882382076 0.027610224654493698
-0.00019629245429436722 0.04141532530720022 0.024277124231391545
-0.009722721701611781 0.02945026607074768 0.017896838568605782
-0.014805552548563394 0.024074923210668814 0.011320596762085347
-0.009160521095673474 0.015845729302761173 0.00404439259332519
-0.011304452635297384 0.018466808819540055 0.00530593675887624
-0.000754870552214424 0.007104193713893614 0.009084167840501844
0.0081002553906716 -0.002113426098325391 0.0005472567916747539
-8.28215241337963e-06 0.008010921030669287 0.013863154167302424
-0.004447142006387474 0.011970648435495564 0.0068409582742244126
-0.0055844288013936726 0.01418015212523902 0.008905161079998938
-0.0036156943647651513 0.014531311211335248 0.01070989196325751
-0.006215457212021332 0.014618983142563184 0.009639377324919249
-0.007155420547631244 0.013477138632314112 0.005992265600562382
-0.008491900057757412 0.013614627482348863 0.0035375835259814376
-0.011336286270838028 0.015379976821633333 0.0036872771454125076
-0.00901617690346606 0.015105323970304913 0.0006814839429115831
-0.00708753316376077 0.012946805816914047 -0.0007843887125570258
-0.006608735089835831 0.013437331328630366 -0.0030020902218131796
-0.0076615970634768575 0.014331097362615734 -0.0003102178984368707
-0.006909102930454109 0.013511083082042592 0.004999662308889339
0.02447583442962432 -0.01716484523799749 -0.005697378069995167
0.011468501402627498 -0.0054761597109831755 -0.008428293783596793
0.02321313653999177 -0.02169441765225273 0.007735485316583421
0.02370906463318876 -0.018590731973415098 -0.018109213814409584
0.01514467683735415 -0.009172049205070693 -0.030702919086997463
0.016786764185364164 -0.01167565902063826 -0.04100132695393769
0.012737998950434511 -0.0054210292159200535 -0.02880197767735485
0.030957199903854867 -0.02929804920506556 -0.038828328089794674
0.054730082345294105 -0.041598484718263065 -0.07734872518980819
0.026633558548051703 -0.02526805254124342 -0.02337346617114182
0.014747072713145385 -0.008301143651636225 -0.024126701972553115
0.009319073861961492 -0.005422857127240825 -0.007157198809779899
0.006631276554396686 -0.0010682053549526131 -0.007699839792391679
0.009081971454220385 0.00018134209253933817 -0.018678858010988394
0.005034049368425723 0.000464567202184397 0.00022711738486148775
0.004546310155983961 -0.0012846562136642305 0.00738784081948394
0.002994532211382916 -0.00013649132363688783 0.013335082025296464
0.008170078882031351 -0.005457649936847853 0.008205921087411281
0.010469377501126233 -0.00856058614082693 0.0016362305048256138
0.10519312474414465 -0.1005702581584368 -0.11168333090959956
0.09440710463569889 -0.08399883757385157 -0.11385304852437024
0.07530441740934837 -0.09217822131438366 -0.05112908706909022
0.06590039697679549 -0.05676218085658039 -0.07880013061252235
0.05697342062797955 -0.034476859053798686 -0.089194373679191
0.05002606365320893 -0.029057458851740634 -0.07730328878177323
0.04182535336791284 -0.022037129388002324 -0.06213785347448977
0.05390173459825612 -0.048202042441324325 -0.06348812705416354
0.08191802328586355 -0.07389751001034839 -0.0967339381168353
0.04143176226288795 -0.03660553992087932 -0.04653054942322657
0.03131640976891068 -0.020401285722087267 -0.03588833227694629
0.028978524976775555 -0.026267455887421767 -0.020248643444827342
0.030782383088551295 -0.03641874909096524 -0.015330168063456119
0.0298418053839997 -0.034419767389893816 -0.002070295894032477
0.020251255432662065 -0.022440942522655053 -0.0006208879361789042
0.016472616830846148 -0.017760045834952273 0.007636301431609483
0.01897787962478617 -0.02197849655859049 0.018683178015223564
0.014108299655597971 -0.013791768093073413 0.005162176044655915
0.013415336676803549 -0.010002676253876809 -0.0035450225770887
0.012456760324027677 -0.0059942914427260395 -0.0057701731073289565
0.019031677953500355 -0.012482705651391557 -0.011059548136805462
0.020321990432018048 -0.018762670937904763 -0.009243982143442697
