18.935 34.195 25.617
19.13 33.921 24.219
19.961 32.668 24.1
19.36 31.583 24.852
20.172 32.122 22.694
21.35 31.325 22.681
18.948 31.223 22.647
19.231 30.482 23.944
18.07 29.661 24.38
18.224 28.454 25.015
19.36 28.014 25.214
17.143 27.761 25.377
15.917 28.226 25.12
14.828 27.477 25.444
15.719 29.442 24.471
16.843 30.171 24.101
22.409 31.286 21.483
23.536 32.157 21.851
21.822 31.459 20.139
22.84 29.751 21.498
23.543 29.175 22.594
23.494 27.709 22.279
22.193 27.252 22.674
23.693 27.325 20.807
24.723 26.32 20.653
22.273 26.885 20.416
21.721 26.304 21.716
20.237 26.47 21.78
19.526 27.584 21.429
18.207 27.455 21.636
18.083 26.212 22.142
16.904 25.525 22.545
15.739 25.916 22.518
17.197 24.279 23.037
18.434 23.717 23.155
18.508 22.456 23.668
19.537 24.36 22.77
19.29 25.594 22.274
25.064 25.621 19.252
26.506 25.316 19.22
24.559 26.412 18.115
24.26 24.246 19.327
24.584 23.285 20.335
23.523 22.233 20.245
22.256 22.844 20.453
23.424 21.557 18.903
24.121 20.309 18.928
21.93 21.406 18.661
21.278 21.966 19.909
20.196 22.889 19.521
18.909 22.584 19.816
18.685 21.512 20.382
17.935 23.447 19.502
18.217 24.603 18.897
17.221 25.499 18.629
19.526 24.945 18.571
20.537 24.048 18.899
24.249 19.412 17.617
25.42 18.535 17.765
24.208 20.296 16.44
22.931 18.537 17.67
22.714 17.625 18.753
21.393 16.96 18.505
20.353 17.952 18.496
21.264 16.229 17.176
20.284 15.214 17.238
20.793 17.368 16.288
19.716 17.901 17.218
19.305 19.281 16.869
20.017 20.263 16.232
19.313 21.394 16.077
18.121 21.1 16.635
16.952 21.904 16.749
16.769 23.057 16.368
15.933 21.214 17.352
15.972 19.93 17.816
14.831 19.416 18.353
17.068 19.179 17.717
18.084 19.825 17.121
20.356 13.969 16.245
21.116 12.891 16.892
20.837 14.423 14.91
18.81 13.581 16.161
18.015 13.569 17.362
16.672 14.088 16.957
16.842 15.447 16.561
16.019 13.393 15.764
14.762 12.796 16.12
15.952 14.498 14.696
15.851 15.732 15.569
16.391 16.916 14.867
17.658 17.103 14.382
17.863 18.346 13.913
16.673 18.953 14.098
16.23 20.279 13.819
17.045 21.222 13.268
14.966 20.578 14.118
14.178 19.652 14.669
14.463 18.392 14.984
15.75 18.11 14.661
13.866 12.006 15.063
13.028 11.039 15.8
14.715 11.499 13.968
12.879 13.111 14.48
11.802 13.597 15.29
11.111 14.603 14.435
12.152 15.46 13.962
10.417 14.07 13.187
9.007 14.369 13.181
11.24 14.692 12.061
11.699 15.974 12.719
12.918 16.526 12.078
14.115 15.899 11.868
15.049 16.714 11.356
14.416 17.901 11.246
14.873 19.187 10.815
16.161 19.418 10.427
13.999 20.191 10.852
12.753 19.962 11.272
12.21 18.824 11.698
13.116 17.823 11.657
8.081 14.05 11.915
6.668 13.96 12.342
8.6 12.894 11.137
8.239 15.387 11.076
7.907 16.635 11.686
8.162 17.628 10.598
9.543 17.58 10.279
7.461 17.284 9.296
6.251 18.034 9.162
8.532 17.527 8.223
9.644 18.209 9.019
11.021 17.903 8.565
11.822 18.923 8.176
11.383 20.077 8.143
13.119 18.641 7.852
13.633 17.372 7.882
14.83 17.222 7.619
12.781 16.325 8.235
13.269 14.902 8.236
11.465 16.616 8.594
5.384 17.99 7.824
4.025 18.444 8.18
5.458 16.668 7.16
6.086 19.118 6.927
6.146 20.478 7.418
6.995 21.229 6.438
8.188 20.458 6.284
6.418 21.332 5.029
5.967 22.667 4.696
7.513 20.718 4.139
8.736 20.855 5.034
9.823 19.876 4.759
11.086 20.316 4.494
11.324 21.516 4.389
12.094 19.403 4.412
11.876 18.06 4.551
12.858 17.317 4.503
10.569 17.611 4.765
10.261 16.14 4.896
9.545 18.548 4.904
5.531 23.071 3.209
4.648 24.244 3.269
5.01 21.905 2.47
6.926 23.547 2.611
7.636 24.627 3.249
8.897 24.853 2.457
9.638 23.627 2.448
8.717 25.24 0.998
9.47 26.414 0.667
9.126 23.965 0.253
10.241 23.483 1.157
10.524 22.022 1.015
11.814 21.603 0.84
12.691 22.447 0.67
12.106 20.297 0.873
11.141 19.395 1.046
11.461 18.075 1.089
9.803 19.775 1.177
9.499 21.133 1.167
9.055 27.333 -0.581
9.496 28.717 -0.258
7.632 27.106 -0.947
9.954 26.765 -1.771
11.382 26.94 -1.72
11.972 26.09 -2.802
11.802 24.724 -2.404
11.327 26.178 -4.188
12.311 26.096 -5.214
10.414 24.962 -4.186
11.429 24.028 -3.587
10.89 22.713 -3.2
9.616 22.315 -2.91
9.541 21.009 -2.613
10.818 20.588 -2.718
11.376 19.292 -2.511
10.813 18.252 -2.179
12.729 19.299 -2.72
13.498 20.365 -3.082
14.834 20.169 -3.237
12.982 21.573 -3.267
11.656 21.601 -3.061
12.763 27.421 -5.98
12.796 28.572 -5.049
11.886 27.542 -7.164
14.272 27.086 -6.366
15.275 27.108 -5.318
16.222 25.946 -5.51
15.443 24.754 -5.397
16.942 25.827 -6.848
18.34 25.511 -6.701
16.118 24.767 -7.578
15.856 23.836 -6.414
14.672 22.975 -6.637
14.802 21.628 -6.529
15.924 21.178 -6.314
13.723 20.842 -6.627
12.515 21.373 -6.836
11.41 20.574 -6.872
12.348 22.744 -6.978
13.47 23.558 -6.869
19.331 25.774 -7.925
20.704 25.976 -7.408
18.763 26.851 -8.758
19.302 24.412 -8.763
20.109 23.284 -8.359
19.748 22.167 -9.299
18.35 21.969 -9.139
19.921 22.404 -10.815
20.985 21.635 -11.401
18.535 22.062 -11.381
17.965 21.2 -10.269
16.493 21.22 -10.265
15.663 22.289 -10.478
14.368 21.958 -10.39
14.388 20.64 -10.102
13.301 19.742 -9.856
12.091 19.967 -9.857
13.75 18.466 -9.625
15.042 18.043 -9.605
15.259 16.717 -9.406
16.061 18.885 -9.792
15.66 20.156 -10.027
7.458 11.884 -9.07
8.252 10.968 -9.854
9.714 11.141 -9.512
10.144 12.455 -9.908
10.103 10.989 -8.055
11.293 10.221 -7.904
10.254 12.437 -7.607
10.896 13.044 -8.837
10.575 14.487 -8.944
11.559 15.43 -9.006
12.725 15.066 -8.932
11.246 16.714 -9.193
9.98 17.088 -9.334
9.698 18.395 -9.589
8.939 16.162 -9.274
9.265 14.824 -9.08
11.602 9.51 -6.502
11.666 8.032 -6.664
10.644 10.01 -5.494
13.051 10.094 -6.177
14.1 10.021 -7.156
15.113 10.992 -6.657
14.556 12.3 -6.755
15.445 10.806 -5.189
16.836 10.56 -5.013
14.937 12.1 -4.529
15.058 13.086 -5.671
14.036 14.14 -5.536
12.71 13.957 -5.259
12.016 15.103 -5.269
12.937 16.041 -5.558
12.761 17.451 -5.71
11.723 18.111 -5.63
13.952 18.079 -5.973
15.171 17.485 -6.107
16.244 18.292 -6.325
15.329 16.161 -5.986
14.179 15.499 -5.721
17.478 10.38 -3.569
18.665 9.516 -3.729
16.427 9.94 -2.633
17.957 11.865 -3.208
18.963 12.531 -3.996
18.936 13.958 -3.536
17.592 14.409 -3.622
19.253 14.139 -2.066
20.659 14.219 -1.858
18.52 15.417 -1.728
17.545 15.602 -2.872
16.145 15.696 -2.428
15.507 16.886 -2.558
16.162 17.846 -2.957
14.209 16.983 -2.264
13.536 15.919 -1.825
12.205 16.017 -1.553
14.164 14.689 -1.652
15.509 14.584 -1.979
21.304 14.529 -0.436
22.696 14.087 -0.524
20.488 13.954 0.65
21.306 16.117 -0.363
22.177 16.876 -1.212
21.739 18.292 -1.021
20.305 18.225 -1.048
22.101 18.959 0.293
22.592 20.293 0.097
20.82 18.829 1.121
19.765 18.985 0.046
18.513 18.299 0.468
18.363 17.062 1.039
17.08 16.744 1.281
16.4 17.832 0.868
14.996 18.09 0.882
14.082 17.378 1.28
14.712 19.349 0.418
15.606 20.268 -0.027
15.134 21.493 -0.382
16.912 20.017 -0.072
17.236 18.794 0.384
22.904 21.238 1.339
23.994 22.183 1.025
23.104 20.39 2.538
21.577 22.107 1.39
21.216 22.833 0.2
20.101 23.788 0.484
18.913 23.054 0.816
20.347 24.743 1.633
19.732 26.01 1.411
19.752 23.945 2.791
18.497 23.393 2.145
18.079 22.095 2.758
18.847 21.02 3.133
18.114 19.984 3.584
16.842 20.424 3.488
15.577 19.817 3.786
15.448 18.537 4.242
14.482 20.557 3.593
14.597 21.801 3.118
15.7 22.472 2.783
16.791 21.706 3.002
19.803 27.141 2.526
19.796 28.478 1.888
20.953 26.858 3.426
18.396 26.939 3.241
17.203 27.028 2.452
16.035 26.958 3.388
15.856 25.612 3.85
16.101 27.861 4.615
14.89 28.608 4.757
16.368 26.844 5.724
15.561 25.655 5.243
16.104 24.373 5.755
17.411 23.967 5.83
17.539 22.706 6.276
16.266 22.309 6.48
15.715 21.073 6.933
16.483 19.994 7.243
14.389 20.994 7.036
13.636 22.041 6.708
14.019 23.234 6.265
15.367 23.291 6.174
14.604 29.545 6.02
13.792 30.696 5.582
15.852 29.836 6.749
13.633 28.628 6.885
12.398 28.171 6.303
11.809 27.217 7.302
12.767 26.184 7.534
11.515 27.822 8.669
10.103 27.952 8.891
12.267 26.906 9.63
12.426 25.645 8.799
13.609 24.85 9.205
13.442 23.575 9.656
12.311 23.101 9.802
14.551 22.825 9.913
15.815 23.321 9.777
16.755 22.57 10.029
15.972 24.647 9.362
17.345 25.239 9.234
14.844 25.405 9.048
9.513 28.533 10.26
8.145 29.007 9.998
10.455 29.513 10.841
9.395 27.223 11.153
8.576 26.148 10.664
8.655 25.06 11.678
10.003 24.615 11.764
8.272 25.471 13.087
7.199 24.657 13.553
9.586 25.307 13.86
10.19 24.148 13.089
11.66 24.07 13.205
12.257 22.88 13.486
11.583 21.866 13.691
13.62 22.829 13.497
14.402 23.914 13.225
15.625 23.764 13.252
13.774 25.126 12.933
14.563 26.358 12.612
12.385 25.187 12.926
6.594 24.823 15.016
5.169 24.424 14.987
6.87 26.189 15.511
7.409 23.731 15.839
7.331 22.352 15.433
8.1 21.598 16.461
9.478 21.902 16.263
7.766 22.045 17.879
7.036 21.041 18.611
9.123 22.414 18.469
10.107 21.743 17.523
11.328 22.556 17.331
12.534 21.939 17.329
12.56 20.731 17.579
13.639 22.639 17.035
13.56 23.938 16.739
14.685 24.628 16.404
12.338 24.609 16.736
11.193 23.878 17.035
6.509 21.324 20.099
5.387 20.397 20.396
6.235 22.774 20.306
7.767 20.924 20.993
8.216 19.559 21.073
9.422 19.557 21.977
10.493 20.26 21.319
9.267 20.267 23.325
10.088 19.657 24.293
9.751 21.67 22.99
10.988 21.226 22.256
11.599 22.357 21.543
11.037 23.545 21.159
11.921 24.362 20.566
13.072 23.653 20.58
14.37 24.003 20.102
14.747 25.057 19.585
15.268 22.983 20.308
15.023 21.776 20.891
16.066 20.914 21.038
13.815 21.452 21.35
12.902 22.429 21.151
9.477 18.627 25.34
8.767 17.534 24.627
8.67 19.409 26.312
10.807 18.067 26.034
11.688 17.17 25.31
13.115 17.573 25.593
13.284 18.804 24.893
13.441 17.879 27.059
14.341 16.938 27.677
13.928 19.322 27.025
14.312 19.508 25.568
14.144 20.932 25.17
15.199 21.595 24.63
16.257 20.984 24.504
15.067 22.877 24.257
13.898 23.51 24.404
13.771 24.813 24.018
12.795 22.866 24.967
12.935 21.54 25.359
14.658 17.064 29.247
14.863 15.717 29.825
13.633 17.912 29.92
16.033 17.88 29.284
17.243 17.32 28.742
18.208 18.464 28.758
17.716 19.428 27.829
18.23 19.236 30.058
18.978 18.583 31.084
18.885 20.519 29.578
18.276 20.693 28.188
17.164 21.659 28.139
15.874 21.536 28.58
15.129 22.614 28.308
15.99 23.436 27.673
15.765 24.729 27.117
14.719 25.373 27.067
16.926 25.257 26.604
18.157 24.666 26.579
19.208 25.386 26.096
18.35 23.438 27.053
17.231 22.893 27.57
